Time	Lead II
0	0
0.01	0
0.02	0
0.03	0
0.04	0
0.05	0
0.06	0
0.07	0
0.08	0
0.09	0
0.1	0
0.11	0
0.12	0
0.13	0
0.14	0
0.15	0
0.16	0
0.17	0
0.18	0
0.19	0
0.2	0
0.21	0
0.22	0
0.23	0
0.24	0
0.25	0
0.26	0
0.27	0
0.28	0
0.29	0
0.3	0
0.31	0
0.32	0
0.33	0
0.34	0
0.35	0
0.36	0
0.37	0
0.38	0
0.39	0
0.4	0
0.41	0
0.42	0
0.43	0
0.44	0
0.45	0
0.46	0
0.47	0
0.48	0
0.49	0
0.5	0
0.51	0
0.52	0
0.53	0
0.54	0
0.55	0
0.56	0
0.57	0
0.58	0
0.59	0
0.6	0
0.61	0
0.62	0
0.63	0
0.64	0
0.65	0
0.66	0
0.67	0
0.68	0
0.69	0
0.7	0
0.71	0
0.72	0
0.73	0
0.74	0
0.75	0
0.76	0
0.77	0
0.78	0
0.79	0
0.8	0
0.81	0
0.82	0
0.83	0
0.84	0
0.85	0
0.86	0
0.87	0
0.88	0
0.89	0
0.9	0
0.91	0
0.92	0
0.93	0
0.94	0
0.95	0
0.96	0
0.97	0
0.98	0
0.99	0
1	0
1.01	0
1.02	0
1.03	0
1.04	0
1.05	0
1.06	0
1.07	0
1.08	0
1.09	0
1.1	0
1.11	0
1.12	0
1.13	0
1.14	0
1.15	0
1.16	0
1.17	0
1.18	0
1.19	0
1.2	0
1.21	0
1.22	0
1.23	0
1.24	0
1.25	0
1.26	0
1.27	0
1.28	0
1.29	0
1.3	0
1.31	0
1.32	0
1.33	0
1.34	0
1.35	0
1.36	0
1.37	0
1.38	0
1.39	0
1.4	0
1.41	0
1.42	0
1.43	0
1.44	0
1.45	0
1.46	0
1.47	0
1.48	0
1.49	0
1.5	0
1.51	0
1.52	0
1.53	0
1.54	0
1.55	0
1.56	0
1.57	0
1.58	0
1.59	0
1.6	0
1.61	0
1.62	0
1.63	0
1.64	0
1.65	0
1.66	0
1.67	0
1.68	0
1.69	0
1.7	0
1.71	0
1.72	0
1.73	0
1.74	0
1.75	0
1.76	0
1.77	0
1.78	0
1.79	0
1.8	0
1.81	0
1.82	0
1.83	0
1.84	0
1.85	0
1.86	0
1.87	0
1.88	0
1.89	0
1.9	0
1.91	0
1.92	0
1.93	0
1.94	0
1.95	0
1.96	0
1.97	0
1.98	0
1.99	0
2	0.041303
2.01	0.967896
2.02	1.18229
2.03	0.810313
2.04	0.223563
2.05	0.264218
2.06	0.216157
2.07	0.143737
2.08	0.287403
2.09	0.102861
2.1	0.210699
2.11	0.0923497
2.12	0.0194721
2.13	0.174931
2.14	-0.0355652
2.15	0.0397431
2.16	-0.0944469
2.17	-0.206015
2.18	-0.0159611
2.19	-0.179579
2.2	-0.103026
2.21	-0.190873
2.22	-0.242063
2.23	-0.0445784
2.24	-0.211301
2.25	-0.11269
2.26	-0.187822
2.27	-0.245767
2.28	-0.0836024
2.29	-0.246484
2.3	-0.081687
2.31	-0.08224
2.32	-0.114067
2.33	0.0299121
2.34	-0.129036
2.35	-0.0222344
2.36	-0.0774142
2.37	-0.129207
2.38	0.115948
2.39	-0.0488187
2.4	0.10159
2.41	0.160145
2.42	0.120041
2.43	0.236516
2.44	0.00859161
2.45	0.213483
2.46	0.192168
2.47	0.0625702
2.48	0.203568
2.49	-0.0682601
2.5	0.0416513
2.51	-0.0475518
2.52	-0.182276
2.53	-0.02949
2.54	-0.101259
2.55	0.406042
2.56	0.756573
2.57	0.566123
2.58	0.339423
2.59	-0.112331
2.6	-0.0684434
2.61	-0.128068
2.62	-0.208666
2.63	0.0164015
2.64	-0.121032
2.65	0.00780741
2.66	-0.0684815
2.67	-0.21463
2.68	-0.0473196
2.69	-0.217238
2.7	-0.0531359
2.71	-0.106379
2.72	-0.155232
2.73	0.0627998
2.74	-0.162842
2.75	-0.0734676
2.76	-0.0608043
2.77	-0.0892013
2.78	0.103535
2.79	-0.0317556
2.8	0.160574
2.81	0.11446
2.82	-0.0122087
2.83	0.159097
2.84	-0.0531275
2.85	0.05944
2.86	0.0252635
2.87	-0.0902595
2.88	0.0828691
2.89	-0.109245
2.9	-0.00109523
2.91	-0.0346473
2.92	-0.11239
2.93	0.0326207
2.94	-0.200388
2.95	-0.0441874
2.96	-0.0742421
2.97	-0.180977
2.98	-0.00407054
2.99	-0.160606
3	-0.00449516
3.01	-0.0438642
3.02	-0.162518
3.03	0.0160944
3.04	-0.151345
3.05	-0.0399713
3.06	-0.0698812
3.07	-0.141737
3.08	0.0533403
3.09	-0.150571
3.1	-0.0620275
3.11	-0.0921148
3.12	-0.164453
3.13	0.0361151
3.14	-0.170134
3.15	-0.0672255
3.16	-0.0583239
3.17	-0.163744
3.18	0.0170298
3.19	-0.162757
3.2	-0.0466947
3.21	-0.00721681
3.22	-0.0732079
3.23	0.109448
3.24	-0.0719828
3.25	0.0323498
3.26	0.0436277
3.27	-0.0642598
3.28	0.0351016
3.29	-0.174759
3.3	-0.0324021
3.31	-0.0402631
3.32	-0.194371
3.33	0.105115
3.34	0.354709
3.35	0.815906
3.36	0.65816
3.37	0.206013
3.38	0.118254
3.39	-0.183549
3.4	-0.0847661
3.41	-0.0988359
3.42	-0.199854
3.43	0.0303886
3.44	-0.128983
3.45	-0.0694221
3.46	-0.0950564
3.47	-0.172552
3.48	0.0284583
3.49	-0.121197
3.5	-0.00326193
3.51	-0.0078214
3.52	-0.118567
3.53	0.0835211
3.54	-0.0688256
3.55	0.100861
3.56	0.1322
3.57	-0.00836526
3.58	0.191542
3.59	0.0602405
3.6	0.162418
3.61	0.125622
3.62	-0.0239564
3.63	0.120651
3.64	-0.10078
3.65	0.0173964
3.66	0.028445
3.67	-0.118063
3.68	0.031228
3.69	-0.143949
3.7	-0.037152
3.71	-0.0215258
3.72	-0.116817
3.73	0.099676
3.74	-0.0716704
3.75	0.0273264
3.76	0.00703694
3.77	-0.120505
3.78	0.0794689
3.79	-0.0929154
3.8	0.0430044
3.81	0.0762437
3.82	-0.0505302
3.83	0.0906328
3.84	-0.123493
3.85	5.05884e-05
3.86	0.0351492
3.87	-0.0873038
3.88	0.0944024
3.89	-0.0901341
3.9	0.0306079
3.91	0.050813
3.92	-0.32323
3.93	-0.335995
3.94	-0.380916
3.95	-0.0728895
3.96	-0.0561216
3.97	-0.09775
3.98	0.0669557
3.99	-0.136658
4	0.0198604
4.01	-0.0487542
4.02	-0.142321
4.03	0.0136974
4.04	-0.142338
4.05	0.0187583
4.06	-0.0463329
4.07	-0.0820118
4.08	0.0811822
4.09	-0.104539
4.1	0.106372
4.11	0.0901501
4.12	-0.000913333
4.13	0.140313
4.14	-0.0877433
4.15	0.00700376
4.16	-0.0586674
4.17	-0.135119
4.18	0.0245808
4.19	-0.162289
4.2	-0.0354322
4.21	0.0441734
4.22	0.365362
4.23	0.813388
4.24	0.482333
4.25	0.296611
4.26	0.014111
4.27	-0.124033
4.28	0.00157628
4.29	-0.20135
4.3	-0.0402694
4.31	-0.0954449
4.32	-0.184459
4.33	0.00100585
4.34	-0.1674
4.35	-0.0094636
4.36	-0.0285862
4.37	-0.10438
4.38	0.0205504
4.39	-0.140918
4.4	0.0568579
4.41	0.00763829
4.42	-0.0765027
4.43	0.1094
4.44	-0.0174413
4.45	0.175393
4.46	0.133948
4.47	0.0744842
4.48	0.259185
4.49	0.0486763
4.5	0.168982
4.51	0.105263
4.52	-0.0103242
4.53	0.114585
4.54	-0.0893004
4.55	0.0345106
4.56	-0.00782016
4.57	-0.118182
4.58	0.0463956
4.59	-0.129069
4.6	-0.0110144
4.61	-0.0385989
4.62	-0.0842334
4.63	0.0915236
4.64	-0.0894
4.65	0.056542
4.66	0.0133755
4.67	-0.0857234
4.68	0.116296
4.69	-0.0313104
4.7	0.0829207
4.71	0.00751492
4.72	-0.102458
4.73	0.0716661
4.74	-0.099185
4.75	0.038907
4.76	-0.00178686
4.77	-0.0817166
4.78	0.0961737
4.79	-0.0855379
4.8	0.0359462
4.81	-0.0201116
4.82	-0.127708
4.83	0.0599907
4.84	-0.109093
4.85	-0.0163468
4.86	-0.0436015
4.87	-0.0823911
4.88	0.0837495
4.89	-0.151353
4.9	-0.0360993
4.91	-0.0248017
4.92	-0.0837507
4.93	0.0865164
4.94	-0.109723
4.95	-0.0047165
4.96	-0.0599015
4.97	-0.162916
4.98	0.048907
4.99	-0.0881612
5	0.0775989
5.01	0.0960779
5.02	0.0203086
5.03	0.18388
5.04	0.0104154
5.05	0.105527
5.06	0.00181643
5.07	-0.136427
5.08	0.00641909
5.09	-0.244195
5.1	-0.115681
5.11	-0.0118041
5.12	0.181856
5.13	0.707252
5.14	0.585271
5.15	0.433778
5.16	0.120073
5.17	-0.125416
5.18	-0.00608531
5.19	-0.191663
5.2	-0.0565844
5.21	-0.0655227
5.22	-0.136665
5.23	0.0439063
5.24	-0.175231
5.25	-0.0873244
5.26	-0.087795
5.27	-0.158803
5.28	0.0461038
5.29	-0.133604
5.3	-0.0396369
5.31	-0.0641848
5.32	-0.133086
5.33	0.080445
5.34	-0.0495482
5.35	0.146255
5.36	0.10733
5.37	-0.0475209
5.38	0.148957
5.39	-0.00741426
5.4	0.109851
5.41	0.0765235
5.42	-0.0454247
5.43	0.103779
5.44	-0.119742
5.45	-0.0414375
5.46	-0.0809833
5.47	-0.214429
5.48	-0.0414587
5.49	-0.247656
5.5	-0.133425
5.51	-0.102729
5.52	-0.212849
5.53	-0.0588325
5.54	-0.20922
5.55	-0.0912548
5.56	-0.13273
5.57	-0.213658
5.58	-0.00964356
5.59	-0.200792
5.6	-0.0518364
5.61	-0.0547227
5.62	-0.206759
5.63	-0.0519419
5.64	-0.18452
5.65	-0.0366163
5.66	-0.0777931
5.67	-0.186098
5.68	0.0267626
5.69	-0.171243
5.7	-0.0808487
5.71	-0.0837911
5.72	-0.175279
5.73	0.0437763
5.74	-0.12894
5.75	-0.00462249
5.76	-0.00228598
5.77	-0.136016
5.78	0.0162085
5.79	-0.178247
5.8	-0.0536701
5.81	-0.0208196
5.82	-0.0907961
5.83	0.0929291
5.84	-0.121694
5.85	-0.0338659
5.86	-0.00544094
5.87	-0.0894321
5.88	0.0696383
5.89	-0.106998
5.9	-0.00324394
5.91	-0.0208468
5.92	-0.0801344
5.93	0.159827
5.94	0.000274208
5.95	0.141498
5.96	0.12952
5.97	-0.0152862
5.98	0.181328
5.99	-0.0438011
6	-0.00270444
6.01	-0.0241957
6.02	-0.137978
6.03	0.0341528
6.04	-0.154238
6.05	0.182437
6.06	0.36679
6.07	0.656969
6.08	0.764715
6.09	0.234084
6.1	0.144375
6.11	-0.0267524
6.12	-0.11633
6.13	0.0397646
6.14	-0.157378
6.15	0.0292435
6.16	0.0124113
6.17	-0.0761047
6.18	0.0463141
6.19	-0.103845
6.2	0.0665735
6.21	-0.0228665
6.22	-0.0862645
6.23	0.108121
6.24	-0.079468
6.25	0.0766877
6.26	0.0266362
6.27	-0.016045
6.28	0.178743
6.29	0.0603302
6.3	0.259141
6.31	0.206989
6.32	0.130832
6.33	0.286521
6.34	0.0827733
6.35	0.186574
6.36	0.106089
6.37	0.0219138
6.38	0.156573
6.39	-0.0535297
6.4	0.0779827
6.41	0.0129217
6.42	-0.0603903
6.43	0.082881
6.44	-0.107246
6.45	0.05399
6.46	-0.00282149
6.47	-0.0460897
6.48	0.15172
6.49	-0.0543903
6.5	0.074779
6.51	0.0334335
6.52	-0.0267979
6.53	0.153323
6.54	-0.0408835
6.55	0.0832757
6.56	0.0238875
6.57	-0.0410542
6.58	0.111705
6.59	-0.0939067
6.6	0.0799866
6.61	0.0593605
6.62	-0.0289009
6.63	0.115123
6.64	-0.0852595
6.65	0.0465173
6.66	-0.0166742
6.67	-0.0987612
6.68	0.0428379
6.69	-0.114807
6.7	0.0679398
6.71	0.0072937
6.72	-0.0790585
6.73	0.0639135
6.74	-0.13047
6.75	0.0408146
6.76	0.0036342
6.77	-0.0878606
6.78	0.0739014
6.79	-0.103602
6.8	0.0098392
6.81	-0.0342796
6.82	-0.0898737
6.83	0.105438
6.84	-0.0993206
6.85	0.019699
6.86	-0.0160099
6.87	-0.094241
6.88	0.0579348
6.89	-0.121647
6.9	0.0571511
6.91	0.069299
6.92	0.00917109
6.93	0.181978
6.94	0.00237161
6.95	0.137358
6.96	0.0753444
6.97	-0.0360127
6.98	0.100869
6.99	-0.166101
7	-0.0759891
7.01	-0.104128
7.02	-0.170245
7.03	0.0626168
7.04	0.143503
7.05	0.695257
7.06	0.728829
7.07	0.309759
7.08	0.158985
7.09	-0.168942
7.1	-0.0704123
7.11	-0.11798
7.12	-0.199078
7.13	-0.0230869
7.14	-0.191213
7.15	-0.0556419
7.16	-0.0890203
7.17	-0.178585
7.18	-0.019555
7.19	-0.191326
7.2	-0.011104
7.21	-0.0404133
7.22	-0.14617
7.23	0.0297301
7.24	-0.151829
7.25	0.00206401
7.26	-0.0107543
7.27	-0.072095
7.28	0.163587
7.29	0.0362614
7.3	0.211941
7.31	0.16165
7.32	0.0295841
7.33	0.188214
7.34	-0.033738
7.35	0.062966
7.36	0.0256202
7.37	-0.0942046
7.38	0.0508617
7.39	-0.137319
7.4	-0.00632631
7.41	-0.0228976
7.42	-0.0947222
7.43	0.0908573
7.44	-0.103326
7.45	0.00503963
7.46	-0.0166633
7.47	-0.0867875
7.48	0.122134
7.49	-0.0319133
7.5	0.0785665
7.51	0.0442561
7.52	-0.0542964
7.53	0.10096
7.54	-0.10255
7.55	0.0106547
7.56	-0.00444329
7.57	-0.0823752
7.58	0.113082
7.59	-0.0871454
7.6	0.0128004
7.61	-0.0008217
7.62	-0.088673
7.63	0.0600474
7.64	-0.136986
7.65	0.00294746
7.66	-0.0165411
7.67	-0.121958
7.68	0.0735608
7.69	-0.109155
7.7	0.00201007
7.71	-0.0211817
7.72	-0.141043
7.73	0.0424477
7.74	-0.148436
7.75	-0.018704
7.76	-0.0252923
7.77	-0.142498
7.78	0.0622301
7.79	-0.108015
7.8	-0.00665582
7.81	-0.0344367
7.82	-0.147509
7.83	0.0321693
7.84	-0.155923
7.85	-0.0254545
7.86	-0.0299044
7.87	-0.145214
7.88	0.00981404
7.89	-0.167641
7.9	-0.0151029
7.91	-0.012582
7.92	-0.0739546
7.93	0.175741
7.94	0.00419004
7.95	0.0992676
7.96	0.0808537
7.97	-0.0493689
7.98	0.0814711
7.99	-0.127055
8	-0.0161145
8.01	-0.0668471
8.02	-0.219381
8.03	-0.0385854
8.04	-0.0748744
8.05	0.685064
8.06	0.935884
8.07	0.686373
8.08	0.400267
8.09	-0.101502
8.1	-0.0682404
8.11	-0.164719
8.12	-0.192961
8.13	-0.0166672
8.14	-0.179321
8.15	-0.0356994
8.16	-0.120445
8.17	-0.146669
8.18	0.0128275
8.19	-0.200212
8.2	-0.0490431
8.21	-0.107822
8.22	-0.14306
8.23	0.0405226
8.24	-0.141424
8.25	0.0321549
8.26	0.0181664
8.27	-0.00658187
8.28	0.155895
8.29	0.00588701
8.3	0.186275
8.31	0.116713
8.32	0.0677645
8.33	0.242024
8.34	0.048637
8.35	0.143318
8.36	0.013606
8.37	-0.0677379
8.38	0.0673881
8.39	-0.163095
8.4	-0.02764
8.41	-0.0456977
8.42	-0.0817786
8.43	0.0474775
8.44	-0.185848
8.45	-0.0358279
8.46	-0.053925
8.47	-0.0714812
8.48	0.0503386
8.49	-0.16369
8.5	0.0243508
8.51	-0.0166086
8.52	-0.0761349
8.53	0.0709177
8.54	-0.126607
8.55	0.043383
8.56	0.0224219
8.57	-0.0439286
8.58	0.0805087
8.59	-0.158466
8.6	-0.028648
8.61	-0.042816
8.62	-0.0741394
8.63	0.0778776
8.64	-0.111872
8.65	0.0474177
8.66	-0.0223627
8.67	-0.111536
8.68	0.0413755
8.69	-0.144289
8.7	0.00829269
8.71	-0.0275882
8.72	-0.0710355
8.73	0.0851442
8.74	-0.145212
8.75	-0.0165001
8.76	-0.0425779
8.77	-0.0802077
8.78	0.0788612
8.79	-0.134767
8.8	-0.00186821
8.81	-0.0373095
8.82	-0.106048
8.83	0.034831
8.84	-0.161267
8.85	0.0181105
8.86	-0.00506368
8.87	-0.074524
8.88	0.0721031
8.89	-0.158724
8.9	-0.00635873
8.91	-0.0334592
8.92	-0.101583
8.93	0.0826271
8.94	-0.0974733
8.95	0.0468382
8.96	-0.0161117
8.97	-0.0994499
8.98	0.0798945
8.99	-0.0844885
9	0.102649
9.01	0.116132
9.02	0.0640768
9.03	0.182124
9.04	-0.0404005
9.05	0.0431809
9.06	-0.0606928
9.07	-0.132315
9.08	0.04663
9.09	-0.157579
9.1	-0.0155695
9.11	0.112638
9.12	0.420136
9.13	0.835945
9.14	0.48189
9.15	0.303291
9.16	0.0317497
9.17	-0.136499
9.18	0.0389149
9.19	-0.151276
9.2	-0.0188438
9.21	-0.063968
9.22	-0.149846
9.23	0.0202966
9.24	-0.16091
9.25	-0.0161055
9.26	-0.0658994
9.27	-0.146532
9.28	0.0389963
9.29	-0.138373
9.3	0.0226424
9.31	0.0141977
9.32	-0.0579582
9.33	0.143557
9.34	-0.0147665
9.35	0.128614
9.36	0.137809
9.37	0.0867613
9.38	0.266791
9.39	0.0848566
9.4	0.225388
9.41	0.175541
9.42	0.0493326
9.43	0.134751
9.44	-0.134262
9.45	-0.00412668
9.46	-0.0138683
9.47	-0.0840783
9.48	0.0886754
9.49	-0.150115
9.5	-0.04808
9.51	-0.0526725
9.52	-0.11139
9.53	0.0533326
9.54	-0.129549
9.55	0.0279921
9.56	0.0189208
9.57	-0.0825011
9.58	0.0916159
9.59	-0.0774671
9.6	0.0423757
9.61	0.00727454
9.62	-0.0841503
9.63	0.0895102
9.64	-0.0973217
9.65	0.06137
9.66	0.0301411
9.67	-0.100508
9.68	0.0709158
9.69	-0.109644
9.7	0.0153163
9.71	-0.0220157
9.72	-0.11664
9.73	0.0892592
9.74	-0.0796291
9.75	0.0447554
9.76	0.00910378
9.77	-0.0707826
9.78	0.102182
9.79	-0.13657
9.8	-0.0276226
9.81	-0.0105535
9.82	-0.0748533
9.83	0.0964103
9.84	-0.0913281
9.85	0.0370645
9.86	0.00913867
9.87	-0.114447
9.88	0.0595562
9.89	-0.117727
9.9	0.00477824
9.91	-0.0136425
9.92	-0.089637
9.93	0.0716476
9.94	-0.137748
9.95	0.02818
9.96	0.0503115
9.97	-0.0946644
9.98	0.0499352
9.99	-0.125546
10	0.0152819
10.01	-0.0137997
10.02	-0.103097
10.03	0.105251
10.04	-0.421469
10.05	-0.315295
10.06	-0.212318
10.07	-0.112331
10.08	0.0631927
10.09	-0.109528
10.1	0.115899
10.11	0.0629207
10.12	0.0145083
10.13	0.161631
10.14	-0.0256709
10.15	0.133118
10.16	0.0277157
10.17	-0.0472995
10.18	0.065279
10.19	-0.167731
10.2	-0.0445519
10.21	-0.151964
10.22	-0.0585648
10.23	0.463712
10.24	0.642085
10.25	0.724035
10.26	0.312518
10.27	0.030239
10.28	0.0580656
10.29	-0.166295
10.3	-0.00851817
10.31	-0.100252
10.32	-0.144931
10.33	0.0140728
10.34	-0.173146
10.35	-0.0128105
10.36	-0.0835518
10.37	-0.101042
10.38	0.0406945
10.39	-0.159195
10.4	0.0065466
10.41	-0.0596756
10.42	-0.0845927
10.43	0.0643286
10.44	-0.0974062
10.45	0.12187
10.46	0.0798554
10.47	0.0530094
10.48	0.251715
10.49	0.0938829
10.5	0.258043
10.51	0.161214
10.52	0.0876572
10.53	0.192199
10.54	-0.0545869
10.55	0.0927315
10.56	0.00592808
10.57	-0.0778847
10.58	0.0656377
10.59	-0.116198
10.6	0.0398311
10.61	-0.0509177
10.62	-0.108871
10.63	0.0655977
10.64	-0.121904
10.65	0.0110478
10.66	-0.0587297
10.67	-0.0913877
10.68	0.108793
10.69	-0.0578292
10.7	0.0651989
10.71	-0.0327912
10.72	-0.0864574
10.73	0.0848384
10.74	-0.0917748
10.75	0.0721668
10.76	-0.00137302
10.77	-0.0687058
10.78	0.100262
10.79	-0.0886006
10.8	0.0385133
10.81	-0.0535973
10.82	-0.0922661
10.83	0.0833927
10.84	-0.109166
10.85	0.0318448
10.86	-0.0172015
10.87	-0.0789631
10.88	0.0605241
10.89	-0.141647
10.9	0.0107933
10.91	-0.0286655
10.92	-0.0861682
10.93	0.0604075
10.94	-0.148789
10.95	0.00848111
10.96	-0.0407724
10.97	-0.0910521
10.98	0.0823726
10.99	-0.108116
11	0.0316724
11.01	-0.0496988
11.02	-0.13886
11.03	0.0146724
11.04	-0.149031
11.05	0.0157915
11.06	-0.0416447
11.07	-0.101995
11.08	0.0779623
11.09	-0.0770003
11.1	0.0384145
11.11	-0.057058
11.12	-0.10764
11.13	0.0674379
11.14	-0.130833
11.15	-0.00276162
11.16	-0.0532128
11.17	-0.116498
11.18	0.0460741
11.19	-0.160019
11.2	-0.00100719
11.21	-0.0170907
11.22	-0.0846492
11.23	0.052414
11.24	-0.147123
11.25	-0.00613519
11.26	-0.0403136
11.27	-0.0741661
11.28	0.0854644
11.29	-0.111065
11.3	0.0628149
11.31	0.0306744
11.32	-0.0189158
11.33	0.1903
11.34	0.00643065
11.35	0.108757
11.36	0.003997
11.37	-0.132652
11.38	0.00813167
11.39	-0.178545
11.4	-0.0544139
11.41	-0.081753
11.42	0.00372777
11.43	0.548057
11.44	0.66174
11.45	0.65715
11.46	0.2607
11.47	-0.0689028
11.48	0.0090286
11.49	-0.183075
11.5	-0.00836295
11.51	-0.0630527
11.52	-0.167148
11.53	-0.0110228
11.54	-0.17637
11.55	-0.0108639
11.56	-0.0458897
11.57	-0.120685
11.58	0.0165354
11.59	-0.176104
11.6	-0.00810118
11.61	-0.0305967
11.62	-0.0740239
11.63	0.127526
11.64	-0.0642661
11.65	0.0717787
11.66	0.0572014
11.67	0.034994
11.68	0.244879
11.69	0.0654797
11.7	0.204399
11.71	0.157723
11.72	0.082397
11.73	0.239168
11.74	-0.0262719
11.75	0.0505767
11.76	-0.0121309
11.77	-0.0998272
11.78	0.036692
11.79	-0.155426
11.8	0.0227526
11.81	-0.0168225
11.82	-0.136842
11.83	0.0263946
11.84	-0.129816
11.85	0.0433192
11.86	-0.00291388
11.87	-0.105686
11.88	0.0797697
11.89	-0.0896751
11.9	0.0536655
11.91	0.0342587
11.92	-0.0388247
11.93	0.103451
11.94	-0.109744
11.95	0.0388803
11.96	0.0192465
11.97	-0.056047
11.98	0.13302
11.99	-0.0728997
12	0.0311283
12.01	-0.00404111
12.02	-0.110537
12.03	0.0726652
12.04	-0.0784378
12.05	0.059891
12.06	-0.00607653
12.07	-0.143263
12.08	0.0516673
12.09	-0.0959426
12.1	0.0581064
12.11	0.026828
12.12	-0.261291
12.13	-0.250851
12.14	-0.304153
12.15	-0.00657788
12.16	-0.0344225
12.17	-0.0211861
12.18	0.101735
12.19	-0.0978178
12.2	0.0788168
12.21	-0.0311305
12.22	-0.0892391
12.23	0.0542858
12.24	-0.126702
12.25	0.0502798
12.26	-0.0511431
12.27	-0.0687679
12.28	0.0958679
12.29	-0.0896977
12.3	0.0568068
12.31	-0.036255
12.32	-0.0724858
12.33	0.0419362
12.34	-0.128841
12.35	0.0785017
12.36	-0.0191062
12.37	-0.0844026
12.38	0.0345043
12.39	-0.143715
12.4	0.0426461
12.41	-0.0445922
12.42	-0.0468765
12.43	0.100135
12.44	-0.107629
12.45	0.041891
12.46	-0.047415
12.47	-0.091646
12.48	0.036541
12.49	-0.128018
12.5	0.0522526
12.51	-0.0510472
12.52	-0.0937226
12.53	0.0552918
12.54	-0.13267
12.55	0.0498253
12.56	-0.0212619
12.57	-0.063515
12.58	0.0557658
12.59	-0.149227
12.6	0.0399769
12.61	-0.0151738
12.62	-0.0261873
12.63	0.15442
12.64	0.0151195
12.65	0.185607
12.66	0.0553917
12.67	-0.0452115
12.68	0.0459402
12.69	-0.176458
12.7	-0.0321265
12.71	-0.129917
12.72	-0.155273
12.73	0.150675
12.74	0.376208
12.75	0.845617
12.76	0.60091
12.77	0.206001
12.78	0.113313
12.79	-0.175267
12.8	-0.042099
12.81	-0.122939
12.82	-0.134861
12.83	0.013656
12.84	-0.186943
12.85	-0.0129426
12.86	-0.0618787
12.87	-0.114057
12.88	0.0100756
12.89	-0.164346
12.9	0.0141773
12.91	-0.0702869
12.92	-0.108268
12.93	0.0668536
12.94	-0.10108
12.95	0.090486
12.96	0.0513501
12.97	0.00670399
12.98	0.182635
12.99	0.039772
13	0.207049
13.01	0.141813
13.02	0.120575
13.03	0.270669
13.04	0.0301435
13.05	0.117831
13.06	0.00363601
13.07	-0.0688723
13.08	0.0525962
13.09	-0.130482
13.1	0.0468156
13.11	-0.0369417
13.12	-0.0984088
13.13	0.0435283
13.14	-0.167602
13.15	0.00986794
13.16	-0.0367587
13.17	-0.097307
13.18	0.0553655
13.19	-0.109234
13.2	0.0657239
13.21	-0.0150075
13.22	-0.0935414
13.23	0.0813648
13.24	-0.0729138
13.25	0.111205
13.26	0.0278339
13.27	-0.0762596
13.28	0.0400612
13.29	-0.154856
13.3	0.0547841
13.31	0.0222818
13.32	-0.0413379
13.33	0.0777817
13.34	-0.150923
13.35	0.0320154
13.36	-0.02267
13.37	-0.0917294
13.38	0.0800085
13.39	-0.0999556
13.4	0.0302542
13.41	-0.0417803
13.42	-0.104659
13.43	0.0400047
13.44	-0.14915
13.45	0.0371485
13.46	-0.00732172
13.47	-0.0744247
13.48	0.0706061
13.49	-0.145655
13.5	0.00412456
13.51	-0.0272874
13.52	-0.0963423
13.53	0.0343778
13.54	-0.147204
13.55	0.0525982
13.56	0.018115
13.57	-0.0562746
13.58	0.0813097
13.59	-0.131975
13.6	0.0364814
13.61	-0.0156594
13.62	-0.088029
13.63	0.0738633
13.64	-0.134668
13.65	0.0191106
13.66	-0.0144967
13.67	-0.0588719
13.68	0.0936492
13.69	-0.115921
13.7	0.0224168
13.71	-0.0366856
13.72	-0.101858
13.73	0.0707571
13.74	-0.121084
13.75	0.020956
13.76	-0.0223451
13.77	-0.0878561
13.78	0.0713348
13.79	-0.136247
13.8	0.0145789
13.81	-0.0124829
13.82	-0.0885858
13.83	0.0527076
13.84	-0.125662
13.85	0.0306272
13.86	-0.0208551
13.87	-0.109647
13.88	0.0441977
13.89	-0.152852
13.9	-0.00274424
13.91	-0.0395989
13.92	-0.087551
13.93	0.105308
13.94	-0.102592
13.95	-0.00120229
13.96	-0.0678633
13.97	-0.113901
13.98	0.0759875
13.99	-0.122361
14	0.00150068
14.01	-0.0498587
14.02	-0.101588
14.03	0.0682884
14.04	-0.130273
14.05	0.0180889
14.06	-0.0553824
14.07	-0.105271
14.08	0.352594
14.09	0.650322
14.1	0.906645
14.11	0.528984
14.12	0.110715
14.13	0.0970084
14.14	-0.150233
14.15	-0.0225264
14.16	-0.059975
14.17	-0.135419
14.18	-0.005508
14.19	-0.220697
14.2	-0.149863
14.21	-0.543749
14.22	-0.469557
14.23	-0.149251
14.24	-0.209106
14.25	0.00841684
14.26	-0.0756524
14.27	-0.082763
14.28	0.0281992
14.29	-0.140902
14.3	0.0819991
14.31	0.00677095
14.32	0.0252293
14.33	0.199542
14.34	0.0220309
14.35	0.189776
14.36	0.110125
14.37	0.118094
14.38	0.206875
14.39	-0.0481264
14.4	0.0807168
14.41	-0.070059
14.42	-0.109418
14.43	0.0328272
14.44	-0.14553
14.45	0.00152731
14.46	-0.119615
14.47	-0.1199
14.48	0.0167232
14.49	-0.167632
14.5	0.0193185
14.51	-0.0484419
14.52	0.0156472
14.53	0.256349
14.54	0.174618
14.55	0.527072
14.56	0.816745
14.57	1.22132
14.58	1.33943
14.59	0.733047
14.6	0.450762
14.61	0.0339162
14.62	-0.166174
14.63	-0.0823802
14.64	-0.261745
14.65	-0.080458
14.66	-0.169489
14.67	-0.157654
14.68	-0.026796
14.69	-0.211299
14.7	-0.049645
14.71	-0.17278
14.72	-0.233265
14.73	-0.101154
14.74	-0.27875
14.75	-0.140088
14.76	-0.250638
14.77	-0.2807
14.78	-0.186549
14.79	-0.3881
14.8	-0.188403
14.81	-0.234681
14.82	-0.217432
14.83	-0.0605442
14.84	-0.231258
14.85	-0.00200505
14.86	-0.0277815
14.87	-0.0619892
14.88	0.0595939
14.89	-0.115363
14.9	0.0726153
14.91	-0.0384009
14.92	-0.0757173
14.93	0.0841568
14.94	-0.0997442
14.95	0.0649219
14.96	-0.0233509
14.97	-0.0475109
14.98	0.0875528
14.99	-0.094387
15	0.0891933
15.01	-0.0193721
15.02	-0.0624145
15.03	0.0824244
15.04	-0.0811231
15.05	0.115856
15.06	-0.0035238
15.07	-0.0793694
15.08	0.0720653
15.09	-0.090071
15.1	0.0687963
15.11	-0.0320449
15.12	-0.0542448
15.13	0.0804223
15.14	-0.113221
15.15	0.0903735
15.16	0.0101205
15.17	-0.0467347
15.18	0.0814349
15.19	-0.0855248
15.2	0.102009
15.21	0.000177527
15.22	-0.0551742
15.23	0.101222
15.24	-0.0829399
15.25	0.0819092
15.26	-0.0135448
15.27	-0.0630936
15.28	0.0794936
15.29	-0.107109
15.3	0.0638548
15.31	-0.0114558
15.32	-0.0358953
15.33	0.102045
15.34	-0.12352
15.35	0.0433075
15.36	-0.0160971
15.37	-0.0398251
15.38	0.0992518
15.39	-0.112097
15.4	0.0297748
15.41	-0.0413451
15.42	-0.0288849
15.43	0.11346
15.44	-0.120936
15.45	0.0170271
15.46	-0.0574717
15.47	-0.0703171
15.48	0.0803451
15.49	-0.117892
15.5	0.0482184
15.51	-0.0124442
15.52	-0.0547399
15.53	0.0435438
15.54	-0.163911
15.55	0.0287138
15.56	-0.0282031
15.57	-0.0728953
15.58	0.0653213
15.59	-0.14063
15.6	0.0358717
15.61	-0.0220144
15.62	-0.0692562
15.63	0.0485325
15.64	-0.156515
15.65	0.0136651
15.66	-0.0341891
15.67	-0.0825621
15.68	0.0510578
15.69	-0.134508
15.7	0.0282983
15.71	-0.045822
15.72	-0.095255
15.73	0.0487139
15.74	-0.150575
15.75	0.0099211
15.76	-0.0713529
15.77	-0.113958
15.78	0.0270625
15.79	-0.154352
15.8	0.0192206
15.81	-0.0282818
15.82	-0.0988308
15.83	0.0160321
15.84	-0.156361
15.85	0.187366
15.86	0.530564
15.87	0.79528
15.88	0.784888
15.89	0.224554
15.9	0.14974
15.91	-0.0113252
15.92	-0.105517
15.93	0.00384238
15.94	-0.208883
15.95	-0.053445
15.96	-0.123545
15.97	-0.148491
15.98	0.0337676
15.99	-0.165351
16	-0.022817
16.01	-0.0925583
16.02	-0.12087
16.03	0.0470965
16.04	-0.15273
16.05	0.0291156
16.06	-0.0160964
16.07	-0.0406027
16.08	0.12665
16.09	-0.0760861
16.1	0.100248
16.11	0.0755028
16.12	0.0817523
16.13	0.281758
16.14	0.0750084
16.15	0.209629
16.16	0.128669
16.17	0.0182525
16.18	0.113052
16.19	-0.108547
16.2	0.0216753
16.21	-0.070019
16.22	-0.106844
16.23	0.0925187
16.24	-0.115443
16.25	0.0247085
16.26	0.0512573
16.27	0.238211
16.28	0.237984
16.29	-0.0728491
16.3	0.0751495
16.31	-0.0249273
16.32	-0.00534747
16.33	0.0909513
16.34	-0.096542
16.35	0.0724206
16.36	-0.068023
16.37	-0.0470208
16.38	0.0780116
16.39	-0.110567
16.4	0.0775136
16.41	-0.0178105
16.42	-0.0366107
16.43	0.0170141
16.44	-0.177536
16.45	0.0175998
16.46	-0.0750626
16.47	-0.0414689
16.48	0.0629642
16.49	-0.121941
16.5	0.0458516
16.51	-0.0747893
16.52	-0.0571918
16.53	0.0474869
16.54	-0.134959
16.55	0.0340431
16.56	-0.0921678
16.57	-0.0848177
16.58	0.0342524
16.59	-0.137315
16.6	0.0562783
16.61	-0.0465224
16.62	-0.0498596
16.63	0.0281433
16.64	-0.15022
16.65	0.0412897
16.66	-0.0637882
16.67	-0.0670874
16.68	0.0384394
16.69	-0.139329
16.7	0.0446588
16.71	-0.0610485
16.72	-0.0570709
16.73	0.0578525
16.74	-0.119185
16.75	0.0497296
16.76	-0.0767051
16.77	-0.0514783
16.78	0.0565964
16.79	-0.127909
16.8	0.0465788
16.81	-0.0863725
16.82	-0.0843925
16.83	0.0360002
16.84	-0.131201
16.85	0.0572062
16.86	-0.0689692
16.87	-0.0705466
16.88	0.0494638
16.89	-0.133464
16.9	0.0318081
16.91	-0.0631067
16.92	-0.0816644
16.93	0.0181888
16.94	-0.162224
16.95	0.0442452
16.96	-0.0493924
16.97	-0.0721447
16.98	0.0162612
16.99	-0.160803
17	0.0316364
17.01	-0.0765686
17.02	-0.061688
17.03	0.0532396
17.04	-0.164458
17.05	0.0146331
17.06	-0.0829507
17.07	-0.0802367
17.08	0.0590386
17.09	-0.14518
17.1	0.0176768
17.11	-0.0836681
17.12	-0.0903957
17.13	0.0236768
17.14	0.00157093
17.15	0.613452
17.16	0.819153
17.17	0.642963
17.18	0.412438
17.19	-0.0205228
17.2	0.0304132
17.21	-0.108809
17.22	-0.0915072
17.23	0.022921
17.24	-0.179243
17.25	-0.00991002
17.26	-0.114338
17.27	-0.106371
17.28	0.0218332
17.29	-0.186152
17.3	-0.000950232
17.31	-0.0753201
17.32	-0.0826667
17.33	0.0444184
17.34	-0.130313
17.35	0.0713314
17.36	0.00791902
17.37	0.023858
17.38	0.148983
17.39	-0.0213505
17.4	0.197694
17.41	0.138284
17.42	0.151941
17.43	0.259975
17.44	0.024033
17.45	0.156458
17.46	0.0375505
17.47	-0.0115048
17.48	0.078726
17.49	-0.114911
17.5	0.0501397
17.51	-0.0667603
17.52	-0.110926
17.53	0.00286792
17.54	-0.156484
17.55	0.0472969
17.56	-0.0358275
17.57	-0.0444301
17.58	0.0858132
17.59	-0.102
17.6	0.069623
17.61	-0.0192746
17.62	-0.0260615
17.63	0.0948038
17.64	-0.100604
17.65	0.069709
17.66	-0.0355553
17.67	-0.0478141
17.68	0.0780876
17.69	-0.106127
17.7	0.0864057
17.71	-0.0062606
17.72	-0.0739019
17.73	0.0191767
17.74	-0.155741
17.75	0.0322864
17.76	-0.0281475
17.77	-0.0461835
17.78	0.0522512
17.79	-0.142455
17.8	0.0359581
17.81	-0.0436538
17.82	-0.06466
17.83	0.0430036
17.84	-0.141023
17.85	0.0473885
17.86	-0.0497179
17.87	-0.0834399
17.88	0.047513
17.89	-0.123772
17.9	0.0431164
17.91	-0.0627317
17.92	-0.0719831
17.93	0.0752364
17.94	-0.129373
17.95	0.0284934
17.96	-0.0747013
17.97	-0.0804344
17.98	0.0916521
17.99	-0.0999241
18	0.0440857
18.01	-0.0717272
18.02	-0.0825421
18.03	0.0841759
18.04	-0.0771114
18.05	0.0789358
18.06	-0.0388077
18.07	-0.0644022
18.08	0.0541018
18.09	-0.144969
18.1	0.0455712
18.11	-0.0184304
18.12	-0.039641
18.13	0.0671103
18.14	-0.122515
18.15	0.0739566
18.16	-0.0177239
18.17	-0.0808616
18.18	0.0515326
18.19	-0.121025
18.2	0.0495401
18.21	-0.043285
18.22	-0.0627438
18.23	0.0709653
18.24	-0.116973
18.25	0.0589695
18.26	-0.0461867
18.27	-0.209448
18.28	-0.300338
18.29	-0.342574
18.3	0.0154046
18.31	-0.0468635
18.32	-0.0294393
18.33	0.00724949
18.34	-0.152917
18.35	0.0506877
18.36	-0.0910468
18.37	-0.0467801
18.38	0.0169015
18.39	-0.12774
18.4	0.0985668
18.41	-0.0813515
18.42	-0.0655455
18.43	0.167788
18.44	0.413115
18.45	0.922725
18.46	0.643889
18.47	0.347597
18.48	0.157293
18.49	-0.135095
18.5	0.0238754
18.51	-0.138137
18.52	-0.108761
18.53	3.69983e-06
18.54	-0.143628
18.55	0.0244539
18.56	-0.129017
18.57	-0.0938493
18.58	-0.0153363
18.59	-0.162964
18.6	0.0303772
18.61	-0.142246
18.62	-0.0673236
18.63	0.0397548
18.64	-0.13498
18.65	0.0864067
18.66	-0.0217112
18.67	0.0426491
18.68	0.191091
18.69	0.076833
18.7	0.283645
18.71	0.134809
18.72	0.14937
18.73	0.205865
18.74	-0.0214246
18.75	0.125724
18.76	-0.0387735
18.77	-0.0191476
18.78	0.0612009
18.79	-0.126618
18.8	0.037364
18.81	-0.101333
18.82	-0.0584319
18.83	0.0272758
18.84	-0.149921
18.85	0.0397103
18.86	-0.0946941
18.87	-0.052506
18.88	0.0429061
18.89	-0.108061
18.9	0.0899409
18.91	-0.0299897
18.92	0.010568
18.93	0.0903015
18.94	-0.114954
18.95	0.0408349
18.96	-0.104882
18.97	-0.0553656
18.98	0.0312886
18.99	-0.143572
19	0.0701837
19.01	-0.0442269
19.02	0.00761684
19.03	0.0924628
19.04	-0.126152
19.05	0.0530563
19.06	-0.0797603
19.07	-0.060144
19.08	0.0340376
19.09	-0.104373
19.1	0.0849709
19.11	-0.0736477
19.12	-0.0553155
19.13	0.0394084
19.14	-0.108037
19.15	0.094588
19.16	-0.0505808
19.17	-0.0458077
19.18	0.038153
19.19	-0.137424
19.2	0.0672755
19.21	-0.0472971
19.22	-0.00983961
19.23	0.0526438
19.24	-0.160912
19.25	0.0307904
19.26	-0.0884071
19.27	-0.0516009
19.28	0.0653623
19.29	-0.0905267
19.3	0.101245
19.31	-0.0633883
19.32	-0.0547128
19.33	0.0236451
19.34	-0.159231
19.35	0.0489752
19.36	-0.0590591
19.37	-0.02562
19.38	0.0613919
19.39	-0.123269
19.4	0.0579513
19.41	-0.0728084
19.42	-0.0458685
19.43	0.0546346
19.44	-0.148276
19.45	0.0288576
19.46	-0.0679368
19.47	-0.0247647
19.48	0.0795611
19.49	-0.117919
19.5	0.0282423
19.51	-0.109877
19.52	-0.0476268
19.53	0.0643821
19.54	-0.124606
19.55	0.0406502
19.56	-0.0911395
19.57	-0.0668639
19.58	0.0333711
19.59	-0.145951
19.6	0.0592414
19.61	-0.0479031
19.62	-0.0562593
19.63	0.0121838
19.64	-0.155091
19.65	0.0394855
19.66	-0.0867332
19.67	-0.0540858
19.68	0.0324754
19.69	-0.185425
19.7	-0.0017563
19.71	-0.0838537
19.72	-0.0352736
19.73	0.0417592
19.74	-0.130753
19.75	0.070635
19.76	0.0970386
19.77	0.54177
19.78	0.917381
19.79	0.526986
19.8	0.367217
19.81	0.02328
19.82	-0.0563163
19.83	-0.00121595
19.84	-0.172211
19.85	0.0376328
19.86	-0.110166
19.87	-0.140526
19.88	-0.0286057
19.89	-0.182579
19.9	0.00712464
19.91	-0.0997291
19.92	-0.0591256
19.93	0.0523355
19.94	-0.154284
19.95	0.00535249
19.96	-0.108846
19.97	-0.0609141
19.98	0.0821914
19.99	-0.0464015
20	0.187013
20.01	0.0831575
20.02	0.0859765
20.03	0.21403
20.04	0.0786972
20.05	0.273798
20.06	0.123736
20.07	0.108925
20.08	0.178227
20.09	-0.0620058
20.1	0.0686731
20.11	-0.0620607
20.12	-0.0702053
20.13	0.0138093
20.14	-0.137767
20.15	0.0445085
20.16	-0.103421
20.17	-0.118218
20.18	-0.0115432
20.19	-0.154814
20.2	0.0628638
20.21	-0.0427415
20.22	-0.0297248
20.23	0.0643775
20.24	-0.112499
20.25	0.0752576
20.26	-0.0533003
20.27	-0.0508068
20.28	0.0483808
20.29	-0.119463
20.3	0.425413
20.31	0.293005
20.32	0.140501
20.33	0.0530344
20.34	-0.119155
20.35	0.0641146
20.36	-0.0982473
20.37	-0.0177993
20.38	0.0104157
20.39	-0.14486
20.4	0.0557575
20.41	-0.103022
20.42	-0.0206297
20.43	0.0460968
20.44	-0.102516
20.45	0.0545477
20.46	-0.0927464
20.47	-0.0106659
20.48	0.0226453
20.49	-0.147165
20.5	0.0352829
20.51	-0.104119
20.52	-0.00370333
20.53	0.0406255
20.54	-0.1195
20.55	0.0408948
20.56	-0.118348
20.57	-0.0217421
20.58	0.0264476
20.59	-0.120317
20.6	0.0641539
20.61	-0.107194
20.62	-0.0185373
20.63	0.0318988
20.64	-0.138432
20.65	0.0631398
20.66	-0.0714021
20.67	-0.0136626
20.68	0.020711
20.69	-0.114802
20.7	0.0823907
20.71	-0.0813723
20.72	-0.0428758
20.73	-0.00660209
20.74	-0.118164
20.75	0.0767036
20.76	-0.0999353
20.77	-0.0267266
20.78	0.038155
20.79	-0.102452
20.8	0.0907945
20.81	-0.0796837
20.82	-0.0213308
20.83	0.00310831
20.84	-0.123938
20.85	0.0935664
20.86	-0.0888847
20.87	-0.0348171
20.88	0.0281042
20.89	-0.0862805
20.9	0.105374
20.91	-0.0714322
20.92	-0.0175087
20.93	0.00669182
20.94	-0.1452
20.95	0.0726777
20.96	-0.0904775
20.97	-0.0494008
20.98	0.0304131
20.99	-0.0887707
21	0.0788777
21.01	-0.114858
21.02	-0.045048
21.03	0.0344052
21.04	-0.106815
21.05	0.0442342
21.06	-0.121236
21.07	0.17131
21.08	0.685456
21.09	0.780377
21.1	0.75582
21.11	0.221231
21.12	0.053122
21.13	0.0250679
21.14	-0.151415
21.15	0.0565118
21.16	-0.0885845
21.17	-0.0336251
21.18	0.00917417
21.19	-0.164853
21.2	-0.00541914
21.21	-0.143714
21.22	-0.0364729
21.23	0.0351586
21.24	-0.106654
21.25	0.0446381
21.26	-0.13224
21.27	-0.0579024
21.28	0.0236246
21.29	-0.108937
21.3	0.109703
21.31	-0.00612205
21.32	0.109445
21.33	0.186559
21.34	0.022249
21.35	0.237205
21.36	0.0935675
21.37	0.158272
21.38	0.189053
21.39	-0.0131954
21.4	0.140793
21.41	-0.0613438
21.42	-0.053539
21.43	-0.0239649
21.44	-0.147109
21.45	0.0837361
21.46	-0.0481263
21.47	-0.0191467
21.48	-0.0209738
21.49	-0.180774
21.5	0.0269854
21.51	-0.102522
21.52	0.00414083
21.53	0.0852554
21.54	-0.131823
21.55	0.0159131
21.56	-0.100613
21.57	-0.00302867
21.58	0.0558611
21.59	-0.088795
21.6	0.109541
21.61	-0.101334
21.62	-0.0635133
21.63	0.0231051
21.64	-0.129242
21.65	0.0694135
21.66	-0.0716908
21.67	-0.0197591
21.68	0.00628293
21.69	-0.144021
21.7	0.0795206
21.71	-0.0926123
21.72	-0.064286
21.73	-0.000538117
21.74	-0.147379
21.75	0.0552485
21.76	-0.0888136
21.77	-0.0283628
21.78	0.0338559
21.79	-0.143879
21.8	0.0438322
21.81	-0.100674
21.82	-0.0525952
21.83	0.00620293
21.84	-0.157399
21.85	0.0532838
21.86	-0.0887752
21.87	-0.0357603
21.88	0.018338
21.89	-0.136905
21.9	0.0684575
21.91	-0.0872242
21.92	-0.0489013
21.93	0.00172107
21.94	-0.150128
21.95	0.0187097
21.96	-0.144086
21.97	-0.0681818
21.98	0.030493
21.99	-0.135462
22	0.0599531
22.01	-0.0819676
22.02	-0.0675221
22.03	-0.0105875
22.04	-0.165721
22.05	0.0219135
22.06	-0.135277
22.07	-0.071277
22.08	-0.00690737
22.09	-0.202106
22.1	-0.0390249
22.11	-0.160481
22.12	-0.0823299
22.13	-0.0220492
22.14	-0.177903
22.15	0.0218482
22.16	-0.148604
22.17	-0.102815
22.18	-0.0491419
22.19	-0.22451
22.2	-0.0308132
22.21	-0.190262
22.22	-0.0963477
22.23	0.0237609
22.24	-0.102365
22.25	0.0283984
22.26	-0.250634
22.27	-0.188134
22.28	-0.0731845
22.29	-0.226802
22.3	-0.00913614
22.31	-0.206244
22.32	-0.166732
22.33	-0.0900157
22.34	-0.240103
22.35	0.00993037
22.36	-0.236813
22.37	-0.260027
22.38	0.0484416
22.39	0.292337
22.4	1.0063
22.41	0.704157
22.42	0.338156
22.43	0.0934552
22.44	-0.125778
22.45	-0.0968738
22.46	-0.359537
22.47	-0.310585
22.48	-0.328473
22.49	-0.469652
22.5	-0.378691
22.51	-0.490438
22.52	-0.250205
22.53	-0.248288
22.54	-0.421851
22.55	-0.247495
22.56	-0.404091
22.57	-0.303349
22.58	-0.285303
22.59	-0.471815
22.6	-0.33032
22.61	-0.473977
22.62	-0.29094
22.63	-0.2199
22.64	-0.319281
22.65	-0.173681
22.66	-0.343831
22.67	-0.245286
22.68	-0.28952
22.69	-0.468516
22.7	-0.349788
22.71	-0.601295
22.72	-0.475132
22.73	-0.480725
22.74	-0.607749
22.75	-0.414271
22.76	-0.630802
22.77	-0.554828
22.78	-0.595735
22.79	-0.7339
22.8	-0.507631
22.81	-0.656775
22.82	-0.487497
22.83	-0.401486
22.84	-0.417252
22.85	-0.0768758
22.86	-0.133404
22.87	0.148251
22.88	0.269728
22.89	0.230234
22.9	0.508995
22.91	0.390698
22.92	0.600886
22.93	0.647636
22.94	0.575102
22.95	0.879103
22.96	0.811103
22.97	1.09233
22.98	1.22843
22.99	1.23245
23	1.55586
23.01	1.38441
23.02	1.49078
23.03	1.4934
23.04	1.36045
23.05	1.51605
23.06	1.19154
23.07	1.18833
23.08	1.11271
23.09	0.936666
