Time	Lead II
0	0
0.01	0
0.02	0
0.03	0
0.04	0
0.05	0
0.06	0
0.07	0
0.08	0
0.09	0
0.1	0
0.11	0
0.12	0
0.13	0
0.14	0
0.15	0
0.16	0
0.17	0
0.18	0
0.19	0
0.2	0
0.21	0
0.22	0
0.23	0
0.24	0
0.25	0
0.26	0
0.27	0
0.28	0
0.29	0
0.3	0
0.31	0
0.32	0
0.33	0
0.34	0
0.35	0
0.36	0
0.37	0
0.38	0
0.39	0
0.4	0
0.41	0
0.42	0
0.43	0
0.44	0
0.45	0
0.46	0
0.47	0
0.48	0
0.49	0
0.5	0
0.51	0
0.52	0
0.53	0
0.54	0
0.55	0
0.56	0
0.57	0
0.58	0
0.59	0
0.6	0
0.61	0
0.62	0
0.63	0
0.64	0
0.65	0
0.66	0
0.67	0
0.68	0
0.69	0
0.7	0
0.71	0
0.72	0
0.73	0
0.74	0
0.75	0
0.76	0
0.77	0
0.78	0
0.79	0
0.8	0
0.81	0
0.82	0
0.83	0
0.84	0
0.85	0
0.86	0
0.87	0
0.88	0
0.89	0
0.9	0
0.91	0
0.92	0
0.93	0
0.94	0
0.95	0
0.96	0
0.97	0
0.98	0
0.99	0
1	0
1.01	0
1.02	0
1.03	0
1.04	0
1.05	0
1.06	0
1.07	0
1.08	0
1.09	0
1.1	0
1.11	0
1.12	0
1.13	0
1.14	0
1.15	0
1.16	0
1.17	0
1.18	0
1.19	0
1.2	0
1.21	0
1.22	0
1.23	0
1.24	0
1.25	0
1.26	0
1.27	0
1.28	0
1.29	0
1.3	0
1.31	0
1.32	0
1.33	0
1.34	0
1.35	0
1.36	0
1.37	0
1.38	0
1.39	0
1.4	0
1.41	0
1.42	0
1.43	0
1.44	0
1.45	0
1.46	0
1.47	0
1.48	0
1.49	0
1.5	0
1.51	0
1.52	0
1.53	0
1.54	0
1.55	0
1.56	0
1.57	0
1.58	0
1.59	0
1.6	0
1.61	0
1.62	0
1.63	0
1.64	0
1.65	0
1.66	0
1.67	0
1.68	0
1.69	0
1.7	0
1.71	0
1.72	0
1.73	0
1.74	0
1.75	0
1.76	0
1.77	0
1.78	0
1.79	0
1.8	0
1.81	0
1.82	0
1.83	0
1.84	0
1.85	0
1.86	0
1.87	0
1.88	0
1.89	0
1.9	0
1.91	0
1.92	0
1.93	0
1.94	0
1.95	0
1.96	0
1.97	0
1.98	0
1.99	0
2	-0.0297409
2.01	0.79247
2.02	1.29345
2.03	0.759202
2.04	0.0168704
2.05	0.449352
2.06	0.520482
2.07	0.524914
2.08	0.369982
2.09	-0.101886
2.1	0.101318
2.11	-0.148216
2.12	-0.0936777
2.13	0.0330309
2.14	-0.218756
2.15	0.0828498
2.16	-0.135604
2.17	-0.0810869
2.18	0.0413397
2.19	-0.206836
2.2	0.101393
2.21	-0.11806
2.22	-0.059567
2.23	0.0762027
2.24	-0.170495
2.25	0.133807
2.26	-0.0775365
2.27	-0.00258327
2.28	0.14248
2.29	-0.0978553
2.3	0.234208
2.31	0.041451
2.32	0.108784
2.33	0.250645
2.34	-0.000979954
2.35	0.279649
2.36	0.0248212
2.37	0.0433766
2.38	0.137972
2.39	-0.155782
2.4	0.12069
2.41	-0.104049
2.42	-0.0487719
2.43	0.0796632
2.44	-0.186893
2.45	0.10669
2.46	-0.105747
2.47	-0.0487229
2.48	0.0799738
2.49	-0.184326
2.5	0.112503
2.51	-0.099524
2.52	-0.044904
2.53	0.0945774
2.54	-0.166892
2.55	0.121793
2.56	-0.0997398
2.57	-0.0550668
2.58	0.0785031
2.59	-0.189659
2.6	0.102851
2.61	-0.108496
2.62	-0.0571933
2.63	0.0770169
2.64	-0.196683
2.65	0.0976735
2.66	-0.109175
2.67	-0.0658949
2.68	0.0641349
2.69	-0.204507
2.7	0.0969579
2.71	-0.106304
2.72	-0.0645251
2.73	0.0672905
2.74	-0.201819
2.75	0.0999825
2.76	-0.102146
2.77	-0.0544652
2.78	0.0815061
2.79	-0.19611
2.8	0.096667
2.81	-0.0964837
2.82	-0.0359704
2.83	0.12194
2.84	-0.140701
2.85	0.152527
2.86	-0.0597573
2.87	-0.0283414
2.88	0.106742
2.89	-0.172845
2.9	0.0979951
2.91	-0.130882
2.92	-0.101123
2.93	0.0359402
2.94	-0.258343
2.95	0.044745
2.96	0.0465357
2.97	0.478555
2.98	0.79543
2.99	0.321187
3	0.337485
3.01	-0.0333252
3.02	-0.0630886
3.03	0.0635855
3.04	-0.212812
3.05	0.0776873
3.06	-0.122342
3.07	-0.084733
3.08	0.0607672
3.09	-0.214734
3.1	0.082765
3.11	-0.109183
3.12	-0.0667137
3.13	0.0877276
3.14	-0.185137
3.15	0.107684
3.16	-0.0894324
3.17	-0.0458321
3.18	0.117995
3.19	-0.137274
3.2	0.179546
3.21	0.00371544
3.22	0.0595609
3.23	0.231589
3.24	-0.0205488
3.25	0.284717
3.26	0.0835036
3.27	0.093491
3.28	0.208289
3.29	-0.106523
3.3	0.148096
3.31	-0.0697706
3.32	-0.0520714
3.33	0.0909467
3.34	-0.190102
3.35	0.0980884
3.36	-0.0988287
3.37	-0.0695732
3.38	0.0806074
3.39	-0.201568
3.4	0.0846316
3.41	-0.106956
3.42	-0.0798713
3.43	0.0737279
3.44	-0.201701
3.45	0.0911733
3.46	-0.0981912
3.47	-0.0708555
3.48	0.0855191
3.49	-0.185094
3.5	0.104357
3.51	-0.0936449
3.52	-0.0759917
3.53	0.0789199
3.54	-0.196198
3.55	0.094774
3.56	-0.0937566
3.57	-0.0702454
3.58	0.0870674
3.59	-0.190936
3.6	0.0970755
3.61	-0.101019
3.62	-0.171473
3.63	-0.108335
3.64	-0.143127
3.65	0.183417
3.66	-0.12148
3.67	-0.0213262
3.68	0.0314512
3.69	-0.187403
3.7	0.110801
3.71	-0.142272
3.72	-0.0125444
3.73	0.0412006
3.74	-0.177256
3.75	0.122866
3.76	-0.131363
3.77	0.0116349
3.78	0.0923237
3.79	-0.118211
3.8	0.182319
3.81	-0.0797015
3.82	0.031867
3.83	0.0809109
3.84	-0.157326
3.85	0.114853
3.86	-0.163459
3.87	-0.0553318
3.88	0.000467176
3.89	-0.243997
3.9	0.0497672
3.91	-0.0343623
3.92	0.47248
3.93	0.766501
3.94	0.377397
3.95	0.377506
3.96	-0.0758849
3.97	-0.0365397
3.98	0.00739924
3.99	-0.218253
4	0.0787413
4.01	-0.177551
4.02	-0.0541149
4.03	0.0123266
4.04	-0.214422
4.05	0.0862921
4.06	-0.15649
4.07	-0.0237868
4.08	0.0490147
4.09	-0.17773
4.1	0.121999
4.11	-0.129729
4.12	-0.0100646
4.13	0.06827
4.14	-0.137938
4.15	0.182532
4.16	-0.0516557
4.17	0.083756
4.18	0.177333
4.19	-0.0243763
4.2	0.288876
4.21	0.0421081
4.22	0.148272
4.23	0.186799
4.24	-0.078962
4.25	0.18945
4.26	-0.0887184
4.27	0.00313158
4.28	0.0589921
4.29	-0.179486
4.3	0.112751
4.31	-0.141531
4.32	-0.0310815
4.33	0.0407471
4.34	-0.188668
4.35	0.113487
4.36	-0.136219
4.37	-0.0235546
4.38	0.0509496
4.39	-0.181867
4.4	0.116704
4.41	-0.133856
4.42	-0.0253503
4.43	0.0517755
4.44	-0.177634
4.45	0.124503
4.46	-0.128427
4.47	-0.025703
4.48	0.0478474
4.49	-0.185833
4.5	0.114616
4.51	-0.13109
4.52	-0.0259661
4.53	0.0438563
4.54	-0.192959
4.55	0.105797
4.56	-0.146473
4.57	-0.04412
4.58	0.0333353
4.59	-0.197472
4.6	0.107555
4.61	-0.138242
4.62	-0.0378857
4.63	0.0377457
4.64	-0.193278
4.65	0.108483
4.66	-0.136841
4.67	-0.0335007
4.68	0.0498488
4.69	-0.18302
4.7	0.118228
4.71	-0.131626
4.72	-0.0382044
4.73	0.043286
4.74	-0.18828
4.75	0.123825
4.76	-0.105625
4.77	0.000801742
4.78	0.0862375
4.79	-0.152817
4.8	0.139294
4.81	-0.114662
4.82	-0.0202719
4.83	0.0535068
4.84	-0.203656
4.85	0.0783766
4.86	-0.178273
4.87	-0.0870525
4.88	-0.024019
4.89	-0.235579
4.9	0.3103
4.91	0.466732
4.92	0.680048
4.93	0.527212
4.94	0.00566603
4.95	0.141668
4.96	-0.163547
4.97	-0.0802471
4.98	0.0100881
4.99	-0.229083
5	0.0700167
5.01	-0.167017
5.02	-0.0626948
5.03	0.0359139
5.04	-0.203413
5.05	0.0912675
5.06	-0.150658
5.07	-0.0519978
5.08	0.0495204
5.09	-0.183245
5.1	0.122294
5.11	-0.108741
5.12	-0.0032268
5.13	0.104221
5.14	-0.117574
5.15	0.213396
5.16	0.00576498
5.17	0.121343
5.18	0.238815
5.19	0.0117894
5.2	0.303726
5.21	0.0332606
5.22	0.0677218
5.23	0.115878
5.24	-0.156887
5.25	0.121948
5.26	-0.129472
5.27	-0.049863
5.28	0.0386418
5.29	-0.219641
5.3	0.0607504
5.31	-0.190996
5.32	-0.106905
5.33	-0.00097636
5.34	-0.241653
5.35	0.0640898
5.36	-0.158828
5.37	-0.0585092
5.38	0.0542971
5.39	-0.172302
5.4	0.139587
5.41	-0.0922569
5.42	0.00209104
5.43	0.114505
5.44	-0.126759
5.45	0.169488
5.46	-0.0664971
5.47	0.0170236
5.48	0.111328
5.49	-0.146565
5.5	0.147797
5.51	-0.0828307
5.52	0.002416
5.53	0.110477
5.54	-0.129325
5.55	0.164597
5.56	-0.0736232
5.57	0.00629431
5.58	0.111626
5.59	-0.133072
5.6	0.165792
5.61	-0.0692425
5.62	0.00337157
5.63	0.103319
5.64	-0.145824
5.65	0.147543
5.66	-0.0830197
5.67	-0.00798713
5.68	0.0788831
5.69	-0.182975
5.7	0.105611
5.71	-0.134481
5.72	-0.0623819
5.73	0.0371081
5.74	-0.207103
5.75	0.100966
5.76	-0.11332
5.77	-0.0109641
5.78	0.118832
5.79	-0.107605
5.8	0.199008
5.81	-0.0258723
5.82	0.057953
5.83	0.162133
5.84	-0.100884
5.85	0.176667
5.86	-0.061908
5.87	0.018885
5.88	0.131016
5.89	-0.137999
5.9	0.190664
5.91	0.218273
5.92	0.678438
5.93	0.865033
5.94	0.351778
5.95	0.3652
5.96	-0.0223184
5.97	-0.0173657
5.98	0.056308
5.99	-0.221916
6	0.0446912
6.01	-0.202609
6.02	-0.145002
6.03	-0.0445655
6.04	-0.295423
6.05	0.00133312
6.06	-0.221905
6.07	-0.149059
6.08	-0.0325954
6.09	-0.273928
6.1	0.0246635
6.11	-0.192841
6.12	-0.104534
6.13	0.0201556
6.14	-0.213418
6.15	0.107774
6.16	-0.0851507
6.17	0.0206682
6.18	0.156685
6.19	-0.0774921
6.2	0.237817
6.21	0.0249593
6.22	0.0827689
6.23	0.151281
6.24	-0.154603
6.25	0.103895
6.26	-0.146261
6.27	-0.0932556
6.28	0.0165013
6.29	-0.234801
6.3	0.0661024
6.31	-0.152587
6.32	-0.0769562
6.33	0.0429747
6.34	-0.197626
6.35	0.506232
6.36	0.246668
6.37	0.170076
6.38	0.0162121
6.39	-0.203763
6.4	0.0843821
6.41	-0.190581
6.42	-0.0320004
6.43	-0.0465375
6.44	-0.244507
6.45	0.0271972
6.46	-0.258925
6.47	-0.0924096
6.48	-0.0746283
6.49	-0.241027
6.5	0.0561069
6.51	-0.201129
6.52	-0.00669297
6.53	0.0207252
6.54	-0.154317
6.55	0.137161
6.56	-0.136243
6.57	0.0301733
6.58	0.0518375
6.59	-0.115127
6.6	0.166674
6.61	-0.131616
6.62	0.00777474
6.63	-0.000825189
6.64	-0.19538
6.65	0.0862208
6.66	-0.194672
6.67	-0.0222586
6.68	0.0109416
6.69	-0.148753
6.7	0.155197
6.71	-0.110829
6.72	0.0651872
6.73	0.0904308
6.74	-0.0787286
6.75	0.218815
6.76	-0.0550664
6.77	0.10126
6.78	0.117756
6.79	-0.0452519
6.8	0.260571
6.81	-0.00799316
6.82	0.160138
6.83	0.173739
6.84	-0.0314068
6.85	0.224527
6.86	-0.086071
6.87	0.0293581
6.88	0.0106075
6.89	-0.195357
6.9	0.0884087
6.91	-0.200938
6.92	-0.0488061
6.93	0.118794
6.94	0.307285
6.95	0.847987
6.96	0.428741
6.97	0.293179
6.98	0.104966
6.99	-0.174609
7	0.0882684
7.01	-0.19197
7.02	-0.0350277
7.03	-0.0138141
7.04	-0.202024
7.05	0.0805875
7.06	-0.204781
7.07	-0.0657596
7.08	-0.0744081
7.09	-0.298322
7.1	-0.025587
7.11	-0.307152
7.12	-0.162804
7.13	-0.153904
7.14	-0.358838
7.15	-0.0736689
7.16	-0.339838
7.17	-0.160782
7.18	-0.0991065
7.19	-0.242174
7.2	0.104556
7.21	-0.118053
7.22	0.0761609
7.23	0.12205
7.24	-0.071594
7.25	0.189415
7.26	-0.129931
7.27	-0.018306
7.28	-0.0201459
7.29	-0.232225
7.3	0.0449391
7.31	-0.231082
7.32	-0.0695804
7.33	-0.0264906
7.34	-0.206062
7.35	0.0917341
7.36	-0.174064
7.37	-0.00535182
7.38	0.0418926
7.39	-0.139143
7.4	0.163076
7.41	-0.0936605
7.42	0.0708079
7.43	0.108876
7.44	-0.0776951
7.45	0.221879
7.46	-0.0489567
7.47	0.0982213
7.48	0.124961
7.49	-0.0787544
7.5	0.20697
7.51	-0.0693117
7.52	0.0692656
7.53	0.0895889
7.54	-0.118994
7.55	0.156858
7.56	-0.129455
7.57	0.00703414
7.58	0.0288925
7.59	-0.179716
7.6	0.105628
7.61	-0.170986
7.62	-0.0320248
7.63	-0.00878517
7.64	-0.218054
7.65	0.069297
7.66	-0.190632
7.67	-0.0314953
7.68	0.0101852
7.69	-0.182067
7.7	0.125915
7.71	-0.118713
7.72	0.0533352
7.73	0.108765
7.74	-0.0813706
7.75	0.208623
7.76	-0.0638529
7.77	0.0754075
7.78	0.101957
7.79	-0.104297
7.8	0.194455
7.81	-0.0548691
7.82	0.104941
7.83	0.155058
7.84	-0.0412323
7.85	0.239596
7.86	-0.0463386
7.87	0.0800466
7.88	0.106824
7.89	-0.111585
7.9	0.155335
7.91	-0.131788
7.92	-0.0114879
7.93	-0.00140623
7.94	-0.236023
7.95	0.0999029
7.96	0.100467
7.97	0.613824
7.98	0.710236
7.99	0.244454
8	0.275291
8.01	-0.12537
8.02	-0.0297385
8.03	0.00126097
8.04	-0.207392
8.05	0.0800639
8.06	-0.182287
8.07	-0.0330145
8.08	0.0104662
8.09	-0.196452
8.1	0.100496
8.11	-0.154961
8.12	-0.00864205
8.13	0.0377915
8.14	-0.162963
8.15	0.132203
8.16	-0.122708
8.17	0.0362729
8.18	0.100439
8.19	-0.0873868
8.2	0.224388
8.21	-0.013765
8.22	0.156136
8.23	0.237002
8.24	0.059386
8.25	0.364579
8.26	0.106182
8.27	0.228267
8.28	0.232146
8.29	-0.0216785
8.3	0.229598
8.31	-0.0621353
8.32	0.0557639
8.33	0.0886818
8.34	-0.129237
8.35	0.16003
8.36	-0.0974804
8.37	0.0379676
8.38	0.0719154
8.39	-0.153156
8.4	0.133094
8.41	-0.123778
8.42	0.0114528
8.43	0.0604835
8.44	-0.139855
8.45	0.152208
8.46	-0.115533
8.47	0.0169498
8.48	0.0639526
8.49	-0.149132
8.5	0.136354
8.51	-0.131565
8.52	-0.00569107
8.53	0.0293687
8.54	-0.19445
8.55	0.0894284
8.56	-0.170179
8.57	-0.0351589
8.58	0.0164465
8.59	-0.186447
8.6	0.108146
8.61	-0.15621
8.62	-0.0291947
8.63	0.014037
8.64	-0.197825
8.65	0.094632
8.66	-0.174208
8.67	-0.0555786
8.68	-0.0188447
8.69	-0.235426
8.7	0.0605614
8.71	-0.195708
8.72	-0.0575261
8.73	0.00485203
8.74	-0.198607
8.75	0.0970579
8.76	-0.167482
8.77	-0.0428963
8.78	0.00592663
8.79	-0.216322
8.8	0.0743894
8.81	-0.18027
8.82	-0.0495936
8.83	0.00877879
8.84	-0.187291
8.85	0.129703
8.86	-0.109625
8.87	0.0334832
8.88	0.0915869
8.89	-0.130587
8.9	0.155241
8.91	-0.106374
8.92	0.0108912
8.93	0.0466282
8.94	-0.18557
8.95	0.0978184
8.96	-0.172598
8.97	-0.196363
8.98	-0.498562
8.99	-0.217704
9	0.65897
9.01	0.574703
9.02	0.556388
9.03	0.213071
9.04	-0.0695195
9.05	0.144692
9.06	-0.156442
9.07	0.0515227
9.08	-0.00249758
9.09	-0.122845
9.1	0.141476
9.11	-0.15443
9.12	0.0597637
9.13	0.0102591
9.14	-0.112629
9.15	0.153373
9.16	-0.139687
9.17	0.0653506
9.18	0.00782314
9.19	-0.127364
9.2	0.135446
9.21	-0.146504
9.22	0.072184
9.23	0.0279021
9.24	-0.0889893
9.25	0.192288
9.26	-0.0763596
9.27	0.160565
9.28	0.133481
9.29	0.00903104
9.3	0.261216
9.31	-0.0566259
9.32	0.119535
9.33	0.0372003
9.34	-0.122268
9.35	0.125893
9.36	-0.171861
9.37	0.0365928
9.38	-0.0186308
9.39	-0.162339
9.4	0.0949213
9.41	-0.200605
9.42	0.00180878
9.43	-0.0548258
9.44	-0.197474
9.45	0.0591791
9.46	-0.238572
9.47	-0.0363479
9.48	-0.0776156
9.49	-0.209333
9.5	0.0519646
9.51	-0.241991
9.52	-0.0378475
9.53	-0.0804414
9.54	-0.210971
9.55	0.0551859
9.56	-0.234228
9.57	-0.0258145
9.58	-0.0707356
9.59	-0.205498
9.6	0.0716202
9.61	-0.205612
9.62	0.0113872
9.63	-0.0249177
9.64	-0.159449
9.65	0.106767
9.66	-0.182092
9.67	0.026357
9.68	-0.0154872
9.69	-0.148722
9.7	0.120615
9.71	-0.169913
9.72	0.0339334
9.73	-0.00820699
9.74	-0.142877
9.75	0.121607
9.76	-0.170899
9.77	0.0357999
9.78	-0.00779355
9.79	-0.147676
9.8	0.117201
9.81	-0.17717
9.82	0.0229128
9.83	-0.0205037
9.84	-0.161459
9.85	0.105122
9.86	-0.169203
9.87	0.0587112
9.88	0.0345364
9.89	-0.100166
9.9	0.166008
9.91	-0.133602
9.92	0.0619254
9.93	0.0182463
9.94	-0.142256
9.95	0.0964514
9.96	-0.210978
9.97	-0.0127708
9.98	-0.0636543
9.99	-0.239782
10	0.0713214
10.01	0.0693723
10.02	0.66867
10.03	0.688746
10.04	0.279999
10.05	0.270176
10.06	-0.171226
10.07	-0.0209495
10.08	-0.0687599
10.09	-0.210805
10.1	0.0580618
10.11	-0.238842
10.12	-0.0418698
10.13	-0.0789283
10.14	-0.228837
10.15	0.043946
10.16	-0.241953
10.17	-0.0398517
10.18	-0.0696823
10.19	-0.208933
10.2	0.058763
10.21	-0.236536
10.22	-0.0329681
10.23	-0.0557196
10.24	-0.18534
10.25	0.0986904
10.26	-0.173591
10.27	0.0454454
10.28	0.0370226
10.29	-0.0812522
10.3	0.207058
10.31	-0.0737139
10.32	0.116604
10.33	0.059312
10.34	-0.118644
10.35	0.120382
10.36	-0.189771
10.37	8.72361e-05
10.38	-0.0300164
10.39	-0.172909
10.4	0.102351
10.41	-0.175925
10.42	0.0346251
10.43	0.0185496
10.44	-0.118181
10.45	0.159733
10.46	-0.122408
10.47	0.0708041
10.48	0.0369353
10.49	-0.11407
10.5	0.151504
10.51	-0.142849
10.52	0.0473649
10.53	0.0181907
10.54	-0.129134
10.55	0.148592
10.56	-0.131261
10.57	0.0711445
10.58	0.0441345
10.59	-0.112236
10.6	0.154715
10.61	-0.132868
10.62	0.062139
10.63	0.0388973
10.64	-0.112273
10.65	0.161235
10.66	-0.118759
10.67	0.083555
10.68	0.0672268
10.69	-0.0699885
10.7	0.216282
10.71	-0.0529423
10.72	0.157167
10.73	0.143416
10.74	-0.00178363
10.75	0.282579
10.76	0.00941843
10.77	0.211908
10.78	0.201065
10.79	0.0578909
10.8	0.334208
10.81	0.0543605
10.82	0.242031
10.83	0.208081
10.84	0.0475248
10.85	0.318299
10.86	0.0347101
10.87	0.227653
10.88	0.207989
10.89	0.0576385
10.9	0.32949
10.91	0.0284675
10.92	0.193834
10.93	0.14795
10.94	-0.0366735
10.95	0.199005
10.96	-0.114454
10.97	0.0639483
10.98	0.0416361
10.99	-0.135138
11	0.12082
11.01	-0.0223599
11.02	0.550434
11.03	0.802622
11.04	0.504267
11.05	0.457047
11.06	-0.0608777
11.07	0.0221278
11.08	-0.0372571
11.09	-0.213852
11.1	0.0482728
11.11	-0.240364
11.12	-0.0523346
11.13	-0.0673188
11.14	-0.219317
11.15	0.0603901
11.16	-0.22653
11.17	-0.0451645
11.18	-0.0678732
11.19	-0.245569
11.2	0.00143751
11.21	-0.310573
11.22	-0.141661
11.23	-0.1594
11.24	-0.313714
11.25	-0.0308068
11.26	-0.305073
11.27	-0.101508
11.28	-0.0828136
11.29	-0.202946
11.3	0.113151
11.31	-0.126962
11.32	0.0938774
11.33	0.102371
11.34	-0.0521134
11.35	0.222419
11.36	-0.0600417
11.37	0.126983
11.38	0.131354
11.39	-0.000270043
11.4	0.298925
11.41	0.0381886
11.42	0.238109
11.43	0.234299
11.44	0.0791087
11.45	0.352128
11.46	0.0531035
11.47	0.204825
11.48	0.157349
11.49	-0.0369177
11.5	0.212891
11.51	-0.084397
11.52	0.0976942
11.53	0.102414
11.54	-0.0478415
11.55	0.235286
11.56	-0.0453316
11.57	0.126686
11.58	0.103549
11.59	-0.0701693
11.6	0.197119
11.61	-0.0895096
11.62	0.0920108
11.63	0.0857761
11.64	-0.0752707
11.65	0.301087
11.66	-0.264222
11.67	-0.109914
11.68	-0.107101
11.69	-0.0695671
11.7	0.17424
11.71	-0.132265
11.72	0.108689
11.73	-0.00823041
11.74	-0.0726276
11.75	0.148194
11.76	-0.146299
11.77	0.0954659
11.78	-0.0270794
11.79	-0.0994883
11.8	0.110553
11.81	-0.206211
11.82	0.0168055
11.83	-0.115563
11.84	-0.193555
11.85	0.0280039
11.86	-0.255988
11.87	0.0149489
11.88	-0.0755973
11.89	-0.129895
11.9	0.103367
11.91	-0.198144
11.92	0.0251319
11.93	-0.1188
11.94	-0.21784
11.95	-0.013518
11.96	-0.312658
11.97	-0.0545404
11.98	-0.151362
11.99	-0.241878
12	-0.0304651
12.01	-0.150423
12.02	0.448237
12.03	0.456812
12.04	0.136209
12.05	0.0427594
12.06	-0.440197
12.07	-0.256459
12.08	-0.367986
12.09	-0.414662
12.1	-0.150592
12.11	-0.402556
12.12	-0.122142
12.13	-0.210083
12.14	-0.26913
12.15	-0.0319142
12.16	-0.317045
12.17	-0.055117
12.18	-0.141138
12.19	-0.189356
12.2	0.072087
12.21	-0.189989
12.22	0.0858986
12.23	0.00814319
12.24	-0.0431764
12.25	0.212357
12.26	-0.0540352
12.27	0.22182
12.28	0.147326
12.29	0.104385
12.3	0.370983
12.31	0.103187
12.32	0.358234
12.33	0.247996
12.34	0.155221
12.35	0.366072
12.36	0.0526544
12.37	0.280428
12.38	0.16158
12.39	0.0656983
12.4	0.278607
12.41	-0.0151851
12.42	0.238747
12.43	0.143637
12.44	0.0613595
12.45	0.282829
12.46	-0.0237593
12.47	0.207032
12.48	0.0932005
12.49	-0.0018183
12.5	0.215498
12.51	-0.095019
12.52	0.127759
12.53	0.00970508
12.54	-0.0898834
12.55	0.129469
12.56	-0.175666
12.57	0.0507257
12.58	-0.073676
12.59	-0.187053
12.6	0.0261906
12.61	-0.281987
12.62	-0.0525354
12.63	-0.162867
12.64	-0.263651
12.65	-0.0464953
12.66	-0.350709
12.67	-0.105335
12.68	-0.198409
12.69	-0.283472
12.7	-0.0492001
12.71	-0.352646
12.72	-0.125303
12.73	-0.231913
12.74	-0.32084
12.75	-0.0856218
12.76	-0.380666
12.77	-0.133761
12.78	-0.21658
12.79	-0.292254
12.8	-0.0510737
12.81	-0.350877
12.82	-0.118285
12.83	-0.227413
12.84	-0.329094
12.85	-0.0875811
12.86	-0.372817
12.87	-0.119496
12.88	-0.192095
12.89	-0.258341
12.9	-0.0105663
12.91	-0.313212
12.92	-0.0918684
12.93	-0.204271
12.94	-0.304709
12.95	-0.0648118
12.96	-0.352632
12.97	-0.121561
12.98	-0.182997
12.99	-0.0275981
13	0.636399
13.01	0.514008
13.02	0.566223
13.03	0.221718
13.04	-0.0204182
13.05	0.163782
13.06	-0.149025
13.07	0.0901184
13.08	0.0181887
13.09	-0.057691
13.1	0.20322
13.11	-0.0721291
13.12	0.18306
13.13	0.108065
13.14	0.024248
13.15	0.279139
13.16	-0.0137513
13.17	0.216391
13.18	0.11512
13.19	-0.00154031
13.2	0.205326
13.21	-0.140486
13.22	0.0471654
13.23	-0.0705466
13.24	-0.158207
13.25	0.14421
13.26	-0.0736783
13.27	0.233084
13.28	0.207785
13.29	0.154865
13.3	0.421999
13.31	0.131596
13.32	0.362449
13.33	0.26903
13.34	0.157825
13.35	0.38842
13.36	0.0848346
13.37	0.317612
13.38	0.238349
13.39	0.146278
13.4	0.393419
13.41	0.0923562
13.42	0.315587
13.43	0.217592
13.44	0.101124
13.45	0.33474
13.46	0.0285941
13.47	0.248922
13.48	0.15408
13.49	0.0432883
13.5	0.275517
13.51	-0.0518782
13.52	0.147104
13.53	0.0408824
13.54	-0.0860259
13.55	0.142171
13.56	-0.170029
13.57	0.0437037
13.58	-0.0600748
13.59	-0.193473
13.6	0.0200384
13.61	-0.305206
13.62	-0.0965739
13.63	-0.190924
13.64	-0.300994
13.65	-0.0526136
13.66	-0.344278
13.67	-0.108058
13.68	-0.181426
13.69	-0.27514
13.7	-0.00571596
13.71	-0.277767
13.72	-0.0297434
13.73	-0.0990813
13.74	-0.202854
13.75	0.0406197
13.76	-0.254736
13.77	-0.020306
13.78	-0.100755
13.79	-0.213051
13.8	0.0325928
13.81	-0.25684
13.82	-0.0089917
13.83	-0.069698
13.84	-0.161301
13.85	0.0975414
13.86	-0.204039
13.87	0.0185412
13.88	-0.0700725
13.89	-0.193485
13.9	0.0392398
13.91	-0.2762
13.92	-0.0543426
13.93	-0.130482
13.94	-0.257829
13.95	0.0157088
13.96	-0.0612644
13.97	0.53035
13.98	0.571396
13.99	0.252771
14	0.25602
14.01	-0.185993
14.02	-0.0099309
14.03	-0.0867029
14.04	-0.1906
14.05	0.0702716
14.06	-0.215225
14.07	0.0217468
14.08	-0.0372532
14.09	-0.140255
14.1	0.119357
14.11	-0.170236
14.12	0.0681881
14.13	0.0086443
14.14	-0.0996281
14.15	0.158414
14.16	-0.124557
14.17	0.122773
14.18	0.0714141
14.19	-0.0305596
14.2	0.235625
14.21	-0.0407173
14.22	0.212882
14.23	0.171368
14.24	0.0799986
14.25	0.357554
14.26	0.0741223
14.27	0.296768
14.28	0.207274
14.29	0.0520862
14.3	0.258125
14.31	-0.0827342
14.32	0.110874
14.33	0.027879
14.34	-0.377748
14.35	-0.43848
14.36	-0.484415
14.37	0.0349478
14.38	-0.0564534
14.39	-0.0646512
14.4	0.109873
14.41	-0.173912
14.42	0.106435
14.43	-0.068624
14.44	-0.0861428
14.45	0.0860616
14.46	-0.209891
14.47	0.0554786
14.48	-0.123044
14.49	-0.136298
14.5	0.0431305
14.51	-0.249322
14.52	0.0299766
14.53	-0.132805
14.54	-0.140988
14.55	0.0371509
14.56	-0.255189
14.57	0.020439
14.58	-0.145108
14.59	-0.153945
14.6	0.0314081
14.61	-0.255773
14.62	0.016828
14.63	-0.153716
14.64	-0.164664
14.65	0.0234597
14.66	-0.266979
14.67	0.00188358
14.68	-0.167952
14.69	-0.182379
14.7	0.00107699
14.71	-0.288991
14.72	-0.0178596
14.73	-0.193678
14.74	-0.220287
14.75	-0.040778
14.76	-0.325183
14.77	-0.0296362
14.78	-0.164712
14.79	-0.161883
14.8	0.0275954
14.81	-0.260655
14.82	0.0123435
14.83	-0.157309
14.84	-0.19005
14.85	-0.0232571
14.86	-0.320976
14.87	-0.0425206
14.88	-0.196549
14.89	-0.214439
14.9	-0.00963265
14.91	-0.126514
14.92	0.508512
14.93	0.555817
14.94	0.37909
14.95	0.299408
14.96	-0.161466
14.97	0.042221
14.98	-0.136017
14.99	-0.155817
15	0.0331756
15.01	-0.240532
15.02	0.0664825
15.03	-0.0490594
15.04	-0.0300374
15.05	0.187958
15.06	-0.0734346
15.07	0.225766
15.08	0.0937759
15.09	0.099175
15.1	0.303147
15.11	0.0319143
15.12	0.328026
15.13	0.189074
15.14	0.184113
15.15	0.39811
15.16	0.141469
15.17	0.451722
15.18	0.334154
15.19	0.345055
15.2	0.568124
15.21	0.320296
15.22	0.630077
15.23	0.492723
15.24	0.469676
15.25	0.653576
15.26	0.36796
15.27	0.650867
15.28	0.498102
15.29	0.453159
15.3	0.601187
15.31	0.257259
15.32	0.468899
15.33	0.266047
15.34	0.205928
15.35	0.377561
15.36	0.0919916
15.37	0.357834
15.38	0.194892
15.39	0.164963
15.4	0.341264
15.41	0.0287916
15.42	0.262894
15.43	0.0773996
15.44	0.0300007
15.45	0.194438
15.46	-0.122217
15.47	0.126535
15.48	-0.0443886
15.49	-0.0921992
15.5	0.0775042
15.51	-0.22346
15.52	0.0441846
15.53	-0.11029
15.54	-0.14683
15.55	0.0345141
15.56	-0.262046
15.57	0.000246317
15.58	-0.158208
15.59	-0.195377
15.6	-0.0218684
15.61	-0.325098
15.62	-0.0654735
15.63	-0.213549
15.64	-0.230722
15.65	-0.0376183
15.66	-0.338941
15.67	-0.0952702
15.68	-0.274978
15.69	-0.328703
15.7	-0.150282
15.71	-0.433414
15.72	-0.154246
15.73	-0.304877
15.74	-0.345853
15.75	-0.163224
15.76	-0.459232
15.77	-0.200537
15.78	-0.381496
15.79	-0.453848
15.8	-0.294822
15.81	-0.608098
15.82	-0.348189
15.83	-0.510262
15.84	-0.495174
15.85	-0.0321039
15.86	0.0673149
15.87	0.434195
15.88	0.0774725
15.89	-0.169525
15.9	-0.0829857
15.91	-0.404953
15.92	-0.139065
15.93	-0.278085
15.94	-0.295145
15.95	-0.0867474
15.96	-0.357082
15.97	-0.0591123
15.98	-0.184335
15.99	-0.196885
16	0.0185604
16.01	-0.254568
16.02	0.0410575
16.03	-0.0828291
16.04	-0.0998022
16.05	0.116293
16.06	-0.155694
16.07	0.130284
16.08	-0.00271017
16.09	-0.0153282
16.1	0.211799
16.11	-0.0548578
16.12	0.235457
16.13	0.106641
16.14	0.093473
16.15	0.303033
16.16	0.00640804
16.17	0.261527
16.18	0.0942098
16.19	0.038887
16.2	0.214181
16.21	-0.0972316
16.22	0.165099
16.23	0.0179584
16.24	-0.0174014
16.25	0.185547
16.26	-0.101336
16.27	0.169051
16.28	0.0179015
16.29	-0.0214985
16.3	0.177268
16.31	-0.117285
16.32	0.14703
16.33	-0.0112671
16.34	-0.0588892
16.35	0.139397
16.36	-0.152114
16.37	0.116785
16.38	-0.0372863
16.39	-0.0847741
16.4	0.108385
16.41	-0.185729
16.42	0.086529
16.43	-0.0585999
16.44	-0.0994884
16.45	0.099064
16.46	-0.19685
16.47	0.0642347
16.48	-0.0846894
16.49	-0.123776
16.5	0.0679273
16.51	-0.250154
16.52	-0.0164888
16.53	-0.203914
16.54	-0.274996
16.55	-0.0772367
16.56	-0.352497
16.57	-0.0513861
16.58	-0.162713
16.59	-0.168516
16.6	0.0678827
16.61	-0.204269
16.62	0.0792968
16.63	-0.0463425
16.64	-0.0578699
16.65	0.172192
16.66	-0.110012
16.67	0.164557
16.68	0.0234863
16.69	-0.0248473
16.7	0.162357
16.71	-0.153456
16.72	0.0911273
16.73	-0.0693198
16.74	-0.111581
16.75	0.0842954
16.76	-0.232018
16.77	0.0986771
16.78	0.248948
16.79	0.541927
16.8	0.740527
16.81	0.191929
16.82	0.237384
16.83	-0.0180224
16.84	-0.0954788
16.85	0.337282
16.86	0.145932
16.87	0.252133
16.88	-0.100624
16.89	-0.0507183
16.9	0.0660331
16.91	-0.184739
16.92	0.121178
16.93	-0.102274
16.94	-0.0279702
16.95	0.0932708
16.96	-0.154015
16.97	0.142713
16.98	-0.0878138
16.99	-0.013233
17	0.106807
17.01	-0.139616
17.02	0.172825
17.03	-0.0443698
17.04	0.0345725
17.05	0.164462
17.06	-0.0713906
17.07	0.243051
17.08	0.0204429
17.09	0.0806969
17.1	0.169434
17.11	-0.114543
17.12	0.152997
17.13	-0.101256
17.14	-0.0503181
17.15	0.0597945
17.16	-0.186403
17.17	0.11568
17.18	-0.118122
17.19	-0.0583255
17.2	0.0477522
17.21	-0.213011
17.22	0.0788085
17.23	-0.151315
17.24	-0.078972
17.25	0.0435876
17.26	-0.199836
17.27	0.108143
17.28	-0.116466
17.29	-0.0459633
17.3	0.0779124
17.31	-0.176093
17.32	0.119574
17.33	-0.104968
17.34	-0.0359945
17.35	0.0767997
17.36	-0.181585
17.37	0.110875
17.38	-0.118229
17.39	-0.0500441
17.4	0.0695961
17.41	-0.179228
17.42	0.12197
17.43	-0.107762
17.44	-0.0456516
17.45	0.0649372
17.46	-0.191217
17.47	0.109555
17.48	-0.114944
17.49	-0.0496707
17.5	0.062652
17.51	-0.191163
17.52	0.106053
17.53	-0.122753
17.54	-0.053669
17.55	0.0706646
17.56	-0.16572
17.57	0.154113
17.58	-0.0577967
17.59	0.00849631
17.6	0.126562
17.61	-0.130519
17.62	0.154976
17.63	-0.0825773
17.64	-0.038804
17.65	0.0552674
17.66	-0.213598
17.67	0.0758928
17.68	-0.168343
17.69	-0.106926
17.7	0.171604
17.71	0.27929
17.72	0.781618
17.73	0.396037
17.74	0.192049
17.75	0.130775
17.76	-0.208808
17.77	0.0615902
17.78	-0.164741
17.79	-0.097209
17.8	0.0303441
17.81	-0.216303
17.82	0.0833539
17.83	-0.142203
17.84	-0.0798612
17.85	0.0428059
17.86	-0.203864
17.87	0.10092
17.88	-0.116269
17.89	-0.045158
17.9	0.0766437
17.91	-0.174425
17.92	0.136361
17.93	-0.0740213
17.94	-0.00229191
17.95	0.130598
17.96	-0.106989
17.97	0.208813
17.98	0.00562678
17.99	0.0852109
18	0.218825
18.01	-0.037564
18.02	0.24035
18.03	-0.0188315
18.04	0.0101189
18.05	0.107866
18.06	-0.168209
18.07	0.118118
18.08	-0.106058
18.09	-0.0454015
18.1	0.0715018
18.11	-0.187122
18.12	0.111121
18.13	-0.107275
18.14	-0.0424586
18.15	0.0826889
18.16	-0.173821
18.17	0.122074
18.18	-0.100673
18.19	-0.0364619
18.2	0.0830804
18.21	-0.179336
18.22	0.119948
18.23	-0.0996749
18.24	-0.0375758
18.25	0.0776404
18.26	-0.188436
18.27	0.11129
18.28	-0.105752
18.29	-0.0454501
18.3	0.073567
18.31	-0.185775
18.32	0.107256
18.33	-0.116633
18.34	-0.0576779
18.35	0.0701217
18.36	-0.189626
18.37	0.0983787
18.38	-0.125425
18.39	-0.070557
18.4	0.0539699
18.41	-0.20041
18.42	0.104601
18.43	-0.113479
18.44	-0.0577749
18.45	0.0646043
18.46	-0.200446
18.47	0.0988667
18.48	-0.101869
18.49	-0.0163375
18.5	0.12334
18.51	-0.137851
18.52	0.156413
18.53	-0.0616783
18.54	-0.0117358
18.55	0.0922449
18.56	-0.19356
18.57	0.080617
18.58	-0.150586
18.59	-0.0952594
18.6	0.0104685
18.61	-0.261893
18.62	0.174419
18.63	0.307417
18.64	0.601688
18.65	0.59468
18.66	0.0634625
18.67	0.171762
18.68	-0.129377
18.69	-0.0946782
18.7	0.0301782
18.71	-0.232126
18.72	0.0696518
18.73	-0.139294
18.74	-0.0830905
18.75	0.0432887
18.76	-0.209515
18.77	0.0950173
18.78	-0.120367
18.79	-0.0667424
18.8	0.0576043
18.81	-0.196913
18.82	0.110148
18.83	-0.0994288
18.84	-0.0334278
18.85	0.107343
18.86	-0.139344
18.87	0.174044
18.88	-0.0217378
18.89	0.0537761
18.9	0.196066
18.91	-0.0517198
18.92	0.254565
18.93	0.0369927
18.94	0.0770571
18.95	0.175523
18.96	-0.119391
18.97	0.155216
18.98	-0.0750183
18.99	-0.0304765
19	0.0894565
19.01	-0.177254
19.02	0.119266
19.03	-0.093813
19.04	-0.035196
19.05	0.0980831
19.06	-0.16079
19.07	0.130863
19.08	-0.0874208
19.09	-0.0297771
19.1	0.102497
19.11	-0.160614
19.12	0.131394
19.13	-0.0848823
19.14	-0.0292178
19.15	0.0946677
19.16	-0.173903
19.17	0.117908
19.18	-0.104321
19.19	-0.0521516
19.2	0.0838104
19.21	-0.174378
19.22	0.115463
19.23	-0.107572
19.24	-0.0514986
19.25	0.0815945
19.26	-0.183985
19.27	0.1078
19.28	-0.109088
19.29	-0.0556055
19.3	0.0789382
19.31	-0.178345
19.32	0.119128
19.33	-0.101917
19.34	-0.055905
19.35	0.0687844
19.36	-0.193958
19.37	0.0993888
19.38	-0.121034
19.39	-0.061904
19.4	0.0771739
19.41	-0.173674
19.42	0.112666
19.43	-0.438667
19.44	-0.171206
19.45	0.0266156
19.46	-0.0986816
19.47	0.189761
19.48	-0.108319
19.49	0.0222169
19.5	0.0183279
19.51	-0.192239
19.52	0.0954316
19.53	-0.187882
19.54	-0.0518667
19.55	0.0688493
19.56	0.213633
19.57	0.794714
19.58	0.435903
19.59	0.319682
19.6	0.132431
19.61	-0.160962
19.62	0.095111
19.63	-0.191967
19.64	-0.0340638
19.65	-0.00331969
19.66	-0.190548
19.67	0.0994608
19.68	-0.180701
19.69	-0.0209733
19.7	0.0102534
19.71	-0.181182
19.72	0.115088
19.73	-0.158771
19.74	-0.00686214
19.75	0.0262021
19.76	-0.15666
19.77	0.139504
19.78	-0.125408
19.79	0.0456202
19.8	0.0839806
19.81	-0.0975681
19.82	0.210449
19.83	-0.047603
19.84	0.127038
19.85	0.16461
19.86	-0.0335051
19.87	0.240532
19.88	-0.0610419
19.89	0.0656313
19.9	0.0674819
19.91	-0.147303
19.92	0.130584
19.93	-0.157581
19.94	-0.00872009
19.95	0.0265402
19.96	-0.166711
19.97	0.117176
19.98	-0.159899
19.99	0.00178339
20	0.0368856
20.01	-0.162293
20.02	0.13015
20.03	-0.140022
20.04	0.0213829
20.05	0.0549805
20.06	-0.145946
20.07	0.142211
20.08	-0.133179
20.09	0.01644
20.1	0.0400252
20.11	-0.157376
20.12	0.135045
20.13	-0.136228
20.14	0.0179878
20.15	0.0438171
20.16	-0.15774
20.17	0.129662
20.18	-0.143925
20.19	0.0118447
20.2	0.0409011
20.21	-0.152746
20.22	0.140886
20.23	-0.13459
20.24	0.0127498
20.25	0.0338228
20.26	-0.162529
20.27	0.137909
20.28	-0.134925
20.29	0.0121485
20.3	0.0405955
20.31	-0.157723
20.32	0.134176
20.33	-0.133219
20.34	0.0341432
20.35	0.0832205
20.36	-0.102257
20.37	0.195724
20.38	-0.0713248
20.39	0.0729742
20.4	0.0882292
20.41	-0.123759
20.42	0.143671
20.43	-0.159736
20.44	-0.0278506
20.45	-0.00267266
20.46	-0.206437
20.47	0.0694818
20.48	-0.119722
20.49	0.349691
20.5	0.683497
20.51	0.428577
20.52	0.452747
20.53	-0.0374544
20.54	0.0117407
20.55	0.00754725
20.56	-0.202569
20.57	0.0872518
20.58	-0.187195
20.59	-0.0340221
20.6	0.00474205
20.61	-0.193357
20.62	0.102672
20.63	-0.165578
20.64	-0.0161186
20.65	0.016977
20.66	-0.183242
20.67	0.113853
20.68	-0.15095
20.69	-0.000304745
20.7	0.0397073
20.71	-0.154269
20.72	0.150687
20.73	-0.101132
20.74	0.0689272
20.75	0.118977
20.76	-0.0693116
20.77	0.239251
20.78	-0.0230497
20.79	0.122026
20.8	0.147435
20.81	-0.077389
20.82	0.176325
20.83	-0.127375
20.84	-0.00325912
20.85	0.021304
20.86	-0.186258
20.87	0.107283
20.88	-0.159617
20.89	-0.0173887
20.9	0.0166234
20.91	-0.182161
20.92	0.118195
20.93	-0.144227
20.94	0.00427712
20.95	0.0404478
20.96	-0.162826
20.97	0.128933
20.98	-0.141013
20.99	0.00200261
21	0.0336271
21.01	-0.168569
21.02	0.128022
21.03	-0.14094
21.04	0.00167753
21.05	0.0380054
21.06	-0.1647
21.07	0.124256
21.08	-0.145662
21.09	0.00215784
21.1	0.035197
21.11	-0.174981
21.12	0.12028
21.13	-0.144576
21.14	-0.00175507
21.15	0.0295536
21.16	-0.177771
21.17	0.116106
21.18	-0.152918
21.19	-0.00813404
21.2	0.0308316
21.21	-0.180165
21.22	0.112836
21.23	-0.151087
21.24	-0.00975552
21.25	0.0257832
21.26	-0.171601
21.27	0.142893
21.28	-0.103076
21.29	0.0554646
21.3	0.101279
21.31	-0.107165
21.32	0.180114
21.33	-0.0989717
21.34	0.0268874
21.35	0.0449263
21.36	-0.181301
21.37	0.101878
21.38	-0.173461
21.39	-0.0545098
21.4	-0.023231
21.41	-0.0566073
21.42	0.6088
21.43	0.528342
21.44	0.497068
21.45	0.26684
21.46	-0.111892
21.47	0.110399
21.48	-0.181761
21.49	-0.0484103
21.5	-0.0082479
21.51	-0.208867
21.52	0.0877664
21.53	-0.179773
21.54	-0.034118
21.55	0.00219703
21.56	-0.20985
21.57	0.0904949
21.58	-0.169351
21.59	-0.0196172
21.6	0.0296807
21.61	-0.17737
21.62	0.114709
21.63	-0.146162
21.64	0.00705375
21.65	0.0659342
21.66	-0.121014
21.67	0.193121
21.68	-0.058301
21.69	0.10098
21.7	0.15569
21.71	-0.0455473
21.72	0.241553
21.73	-0.0506436
21.74	0.0582021
21.75	0.0696692
21.76	-0.162514
21.77	0.120367
21.78	-0.163083
21.79	-0.0340079
21.8	0.002646
21.81	-0.202216
21.82	0.0935835
21.83	-0.166484
21.84	-0.0174653
21.85	0.0202531
21.86	-0.185744
21.87	0.104274
21.88	-0.162367
21.89	-0.0182712
21.9	0.0199944
21.91	-0.182632
21.92	0.112674
21.93	-0.157136
21.94	-0.0173292
21.95	0.0274603
21.96	-0.174689
21.97	0.113796
21.98	-0.158385
21.99	-0.0201684
22	0.0150783
22.01	-0.191118
22.02	0.11216
22.03	-0.120877
22.04	0.031293
22.05	0.064616
22.06	-0.150731
22.07	0.141117
22.08	-0.133578
22.09	-0.00361858
22.1	0.0338163
22.11	-0.178118
22.12	0.113379
22.13	-0.0454046
22.14	0.703351
22.15	0.533499
22.16	0.068879
22.17	0.127147
22.18	-0.216682
22.19	0.0229584
22.2	-0.0160832
22.21	-0.108272
22.22	0.163751
22.23	-0.129976
22.24	0.0935729
22.25	0.0226932
22.26	-0.107156
22.27	0.129351
22.28	-0.197371
22.29	0.000909464
22.3	-0.0794626
22.31	-0.202236
22.32	0.0370684
22.33	-0.257337
22.34	0.142188
22.35	0.444884
22.36	0.516016
22.37	0.598307
22.38	0.0261216
22.39	0.0769186
22.4	-0.0544566
22.41	-0.186926
22.42	0.0726354
22.43	-0.22243
22.44	-0.00259893
22.45	-0.0722092
22.46	-0.191038
22.47	0.0708959
22.48	-0.219435
22.49	0.00651881
22.5	-0.0537555
22.51	-0.164908
22.52	0.0997208
22.53	-0.193341
22.54	0.0334179
22.55	-0.0227946
22.56	-0.132244
22.57	0.138715
22.58	-0.142535
22.59	0.0986376
22.6	0.0566791
22.61	-0.0433079
22.62	0.236366
22.63	-0.0411707
22.64	0.187822
22.65	0.115779
22.66	-0.0279878
22.67	0.195342
22.68	-0.143789
22.69	0.0521082
22.7	-0.0193652
22.71	-0.148509
22.72	0.0971682
22.73	-0.202955
22.74	0.0215282
22.75	-0.0417876
22.76	-0.16634
22.77	0.0914204
22.78	-0.203399
22.79	0.0252017
22.8	-0.0359498
22.81	-0.160268
22.82	0.105846
22.83	-0.185143
22.84	0.0332918
22.85	-0.0325468
22.86	-0.156614
22.87	0.103008
22.88	-0.191605
22.89	0.0316726
22.9	-0.0302735
22.91	-0.15469
22.92	0.10877
22.93	-0.182976
22.94	0.0369909
22.95	-0.0248793
22.96	-0.147443
22.97	0.111213
22.98	-0.186699
22.99	0.0306164
23	-0.0303632
23.01	-0.150835
23.02	0.115499
23.03	-0.175296
23.04	0.0375742
23.05	-0.0277697
23.06	-0.148916
23.07	0.113079
23.08	-0.181155
23.09	0.043589
23.1	-0.0136814
23.11	-0.14245
23.12	0.122669
23.13	-0.162164
23.14	0.0769662
23.15	0.040124
23.16	-0.0786072
23.17	0.187582
23.18	-0.102455
23.19	0.105374
23.2	0.0311662
23.21	-0.120402
23.22	0.119318
23.23	-0.189864
23.24	0.0252108
23.25	-0.0450014
23.26	-0.193983
23.27	0.189301
23.28	0.24396
23.29	0.722768
23.3	0.553675
23.31	0.153693
23.32	0.218548
23.33	-0.159967
23.34	0.0368578
23.35	-0.0233087
23.36	-0.151249
23.37	0.109308
23.38	-0.189326
23.39	0.0339257
23.4	-0.0167441
23.41	-0.147961
23.42	0.111862
23.43	-0.181879
23.44	0.0473411
23.45	0.0012666
23.46	-0.127223
23.47	0.135449
23.48	-0.157493
23.49	0.0668601
23.5	0.0235603
23.51	-0.0877081
23.52	0.19787
23.53	-0.0776518
23.54	0.158492
23.55	0.129014
23.56	0.022772
23.57	0.295632
23.58	-0.00782396
23.59	0.180916
23.6	0.0906425
23.61	-0.069836
23.62	0.170039
23.63	-0.146079
23.64	0.0572375
23.65	0.00138147
23.66	-0.135434
23.67	0.12132
23.68	-0.172542
23.69	0.0495736
23.7	-0.00416435
23.71	-0.136296
23.72	0.129044
23.73	-0.162889
23.74	0.0584549
23.75	0.00806287
23.76	-0.128217
23.77	0.127916
23.78	-0.169007
23.79	0.0492828
23.8	-0.00567474
23.81	-0.141772
23.82	0.11786
23.83	-0.18288
23.84	0.0321799
23.85	-0.0192236
23.86	-0.157253
23.87	0.10321
23.88	-0.187027
23.89	0.0305486
23.9	-0.0215259
23.91	-0.153644
23.92	0.109512
23.93	-0.189122
23.94	0.023027
23.95	-0.0283978
23.96	-0.15865
23.97	0.108742
23.98	-0.184936
23.99	0.0305304
24	-0.0241432
24.01	-0.163351
24.02	0.101495
24.03	-0.194102
24.04	0.0161441
24.05	-0.0279667
24.06	-0.155839
24.07	0.116696
24.08	-0.161184
24.09	0.0740863
24.1	0.0362169
24.11	-0.0920204
24.12	0.173671
24.13	-0.128313
24.14	0.0689505
24.15	-0.000158819
24.16	-0.158687
24.17	0.0906602
24.18	-0.207368
24.19	-0.00333692
24.2	-0.076672
24.21	-0.148178
24.22	0.405024
24.23	0.427562
24.24	0.628292
24.25	0.33278
24.26	-0.0194209
24.27	0.127296
24.28	-0.21379
24.29	-0.0100172
24.3	-0.058602
24.31	-0.189269
24.32	0.0827905
24.33	-0.203796
24.34	0.0129948
24.35	-0.0346401
24.36	-0.173341
24.37	0.0939107
24.38	-0.193635
24.39	0.0198462
24.4	-0.026019
24.41	-0.154043
24.42	0.123752
24.43	-0.163308
24.44	0.0536317
24.45	0.0208941
24.46	-0.0911098
24.47	0.200612
24.48	-0.0720218
24.49	0.160451
24.5	0.13245
24.51	0.0105961
24.52	0.280382
24.53	-0.0312297
24.54	0.143769
24.55	0.0557584
24.56	-0.105064
24.57	0.150585
24.58	-0.15227
24.59	0.0438603
24.6	-0.0143304
24.61	-0.154467
24.62	0.119949
24.63	-0.173032
24.64	0.0316726
24.65	-0.008746
24.66	-0.139968
24.67	0.122736
24.68	-0.175588
24.69	0.0388043
24.7	-0.0018124
24.71	-0.140398
24.72	0.124192
24.73	-0.170502
24.74	0.0411894
24.75	-0.00242252
24.76	-0.142592
24.77	0.118436
24.78	-0.181034
24.79	0.0314715
24.8	-0.0107467
24.81	-0.154603
24.82	0.104808
24.83	-0.19162
24.84	0.0197366
24.85	-0.0179628
24.86	-0.15296
24.87	0.110125
24.88	-0.153048
24.89	0.48544
24.9	0.26225
24.91	0.00439178
24.92	0.0927444
24.93	-0.212028
24.94	0.0721429
24.95	-0.0740357
24.96	-0.112126
24.97	0.0824448
24.98	-0.209495
24.99	0.069304
25	-0.0758476
25.01	-0.111948
25.02	0.0925918
25.03	-0.18444
25.04	0.10554
25.05	-0.0233579
25.06	-0.0443401
25.07	0.156424
25.08	-0.147341
25.09	0.108287
25.1	-0.0599854
25.11	-0.113263
25.12	0.0741531
25.13	-0.231015
25.14	0.0339043
25.15	-0.12779
25.16	-0.173218
25.17	0.168709
25.18	0.241617
25.19	0.765477
25.2	0.48936
25.21	0.172905
25.22	0.178919
25.23	-0.195303
25.24	0.0527509
25.25	-0.100719
25.26	-0.135547
25.27	0.0690041
25.28	-0.226826
25.29	0.0403919
25.3	-0.100356
25.31	-0.127699
25.32	0.08069
25.33	-0.208229
25.34	0.0627084
25.35	-0.0798806
25.36	-0.106427
25.37	0.0996547
25.38	-0.191181
25.39	0.0848377
25.4	-0.0489538
25.41	-0.0669839
25.42	0.166789
25.43	-0.0938556
25.44	0.198091
25.45	0.0730224
25.46	0.0587547
25.47	0.277156
25.48	-0.0206556
25.49	0.223919
25.5	0.0394713
25.51	-0.0377292
25.52	0.134978
25.53	-0.17939
25.54	0.0802817
25.55	-0.0629803
25.56	-0.0981068
25.57	0.0984837
25.58	-0.202877
25.59	0.0679391
25.6	-0.075923
25.61	-0.113514
25.62	0.0958025
25.63	-0.194845
25.64	0.0775182
25.65	-0.0623639
25.66	-0.0983536
25.67	0.110894
25.68	-0.179588
25.69	0.0897854
25.7	-0.0518986
25.71	-0.0929929
25.72	0.108217
25.73	-0.184556
25.74	0.0818019
25.75	-0.0598747
25.76	-0.101872
25.77	0.0983436
25.78	-0.195756
25.79	0.0788658
25.8	-0.0606692
25.81	-0.105459
25.82	0.0962918
25.83	-0.195562
25.84	0.0699433
25.85	-0.0750514
25.86	-0.107201
25.87	0.106818
25.88	-0.186084
25.89	0.0786294
25.9	-0.0666773
25.91	-0.107263
25.92	0.102579
25.93	-0.193946
25.94	0.0691321
25.95	-0.0732176
25.96	-0.113206
25.97	0.097593
25.98	-0.190341
25.99	0.0830422
26	-0.042725
26.01	-0.0624089
26.02	0.159471
26.03	-0.130087
26.04	0.138726
26.05	-0.00595078
26.06	-0.0607349
26.07	0.131588
26.08	-0.18811
26.09	0.0566478
26.1	-0.0933241
26.11	-0.143065
26.12	0.0534065
26.13	-0.256734
26.14	0.130607
26.15	0.351333
26.16	0.584297
26.17	0.683015
26.18	0.106545
26.19	0.161961
26.2	-0.0728454
26.21	-0.1479
26.22	0.0609239
26.23	-0.224438
26.24	0.0435734
26.25	-0.0952126
26.26	-0.138157
26.27	0.0764799
26.28	-0.212295
26.29	0.052512
26.3	-0.0809197
26.31	-0.117383
26.32	0.0984246
26.33	-0.19396
26.34	0.0716976
26.35	-0.0606526
26.36	-0.0932965
26.37	0.127454
26.38	-0.155481
26.39	0.13191
26.4	0.02398
26.41	0.0113425
26.42	0.250209
26.43	-0.0275777
26.44	0.245896
26.45	0.111171
26.46	0.0417695
26.47	0.212186
26.48	-0.121368
26.49	0.113795
26.5	-0.0361558
26.51	-0.0899992
26.52	0.116431
26.53	-0.183933
26.54	0.0786669
26.55	-0.0555322
26.56	-0.104288
26.57	0.1021
26.58	-0.194047
26.59	0.0717369
26.6	-0.0642594
26.61	-0.111472
26.62	0.109341
26.63	-0.181522
26.64	0.0802585
26.65	-0.0504944
26.66	-0.0903659
26.67	0.122894
26.68	-0.175286
26.69	0.0875177
26.7	-0.0487721
26.71	-0.103829
26.72	0.103961
26.73	-0.188227
26.74	0.0768231
26.75	-0.0566031
26.76	-0.108201
26.77	0.102314
26.78	-0.193382
26.79	0.075981
26.8	-0.0540689
26.81	-0.105438
26.82	0.102832
26.83	-0.200611
26.84	0.0631116
26.85	-0.0623012
26.86	-0.106822
26.87	0.109074
26.88	-0.187479
26.89	0.0759201
26.9	-0.0574506
26.91	-0.115804
26.92	0.09978
26.93	-0.191564
26.94	0.0735187
26.95	-0.0562601
26.96	-0.109217
26.97	0.11307
26.98	-0.157437
26.99	0.129894
27	0.0105384
27.01	-0.0446686
27.02	0.166452
27.03	-0.136723
27.04	0.10968
27.05	-0.0444733
27.06	-0.119239
27.07	0.0867761
27.08	-0.218094
27.09	0.033295
27.1	-0.115242
27.11	-0.0947963
27.12	0.43369
27.13	0.471572
27.14	0.716263
27.15	0.317355
27.16	0.0258068
27.17	0.129071
27.18	-0.204867
27.19	0.0418924
27.2	-0.0940538
27.21	-0.144358
27.22	0.0820573
27.23	-0.206508
27.24	0.056519
27.25	-0.0707276
27.26	-0.126867
27.27	0.0891936
27.28	-0.201684
27.29	0.0662841
27.3	-0.0558284
27.31	-0.104341
27.32	0.114801
27.33	-0.175191
27.34	0.100058
27.35	-0.0139456
27.36	-0.0547718
27.37	0.184892
27.38	-0.0858914
27.39	0.203751
27.4	0.0996031
27.41	0.0594331
27.42	0.279627
27.43	-0.0368037
27.44	0.190515
27.45	0.0296837
27.46	-0.256568
27.47	-0.360566
27.48	-0.434855
27.49	0.0620958
27.5	-0.0860584
27.51	-0.0342118
27.52	0.0835103
27.53	-0.177612
27.54	0.118397
27.55	-0.0980489
27.56	-0.0435734
27.57	0.0888148
27.58	-0.163852
27.59	0.135288
27.6	-0.0837348
27.61	-0.0293058
27.62	0.102609
27.63	-0.160974
27.64	0.133983
27.65	-0.0840144
27.66	-0.0304473
27.67	0.101719
27.68	-0.166152
27.69	0.122456
27.7	-0.0926549
27.71	-0.0424157
27.72	0.0857951
27.73	-0.174557
27.74	0.121889
27.75	-0.0954091
27.76	-0.0471955
27.77	0.0824317
27.78	-0.181966
27.79	0.109925
27.8	-0.107441
27.81	-0.0574972
27.82	0.0740415
27.83	-0.190699
27.84	0.106507
27.85	-0.104618
27.86	-0.0575333
27.87	0.0739913
27.88	-0.189237
27.89	0.0993397
27.9	-0.120264
27.91	-0.0682153
27.92	0.0721058
27.93	-0.189019
27.94	0.109919
27.95	-0.0962702
27.96	-0.0268658
27.97	0.129099
27.98	-0.124618
27.99	0.177675
28	-0.0353083
28.01	0.00403592
28.02	0.126347
28.03	-0.158005
28.04	0.109846
28.05	-0.12253
28.06	-0.0872596
28.07	0.0427013
28.08	-0.239103
28.09	0.0982849
28.1	0.155858
28.11	0.571526
28.12	0.758831
28.13	0.241915
28.14	0.28289
28.15	-0.0658463
28.16	-0.068092
28.17	0.0559124
28.18	-0.213765
28.19	0.0847955
28.2	-0.119182
28.21	-0.0760911
28.22	0.0540101
28.23	-0.220459
28.24	0.071417
28.25	-0.133958
28.26	-0.083515
28.27	0.0616511
28.28	-0.19778
28.29	0.0973051
28.3	-0.111747
28.31	-0.0633688
28.32	0.0864616
28.33	-0.162603
28.34	0.152399
28.35	-0.0342478
28.36	0.0396405
28.37	0.215346
28.38	-0.0278654
28.39	0.279883
28.4	0.0729607
28.41	0.0959419
28.42	0.200776
28.43	-0.108411
28.44	0.155973
28.45	-0.0707923
28.46	-0.0442382
28.47	0.0871268
28.48	-0.188064
28.49	0.0976911
28.5	-0.114916
28.51	-0.0787919
28.52	0.0646386
28.53	-0.197942
28.54	0.0970755
28.55	-0.110777
28.56	-0.072308
28.57	0.0683947
28.58	-0.196739
28.59	0.104149
28.6	-0.101318
28.61	-0.0675466
28.62	0.0773036
28.63	-0.188053
28.64	0.102706
28.65	-0.107561
28.66	-0.0722457
28.67	0.0735156
28.68	-0.192455
28.69	0.103995
28.7	-0.0982622
28.71	-0.0626748
28.72	0.0786146
28.73	-0.193938
28.74	0.0992428
28.75	-0.100261
28.76	-0.0574544
28.77	0.0863088
28.78	-0.187836
28.79	0.106052
28.8	-0.0949926
28.81	-0.0634179
28.82	0.0787037
28.83	-0.189472
28.84	0.103934
28.85	-0.102278
28.86	-0.0744177
28.87	0.0701303
28.88	-0.197327
28.89	0.0949078
28.9	-0.110233
28.91	-0.0752919
28.92	0.0843336
28.93	-0.170647
28.94	0.141014
28.95	-0.0417404
28.96	-0.00329571
28.97	0.142828
28.98	-0.129215
28.99	0.15381
29	-0.0679108
29.01	-0.0615413
29.02	0.0631063
29.03	-0.224284
29.04	0.0569244
29.05	-0.160436
29.06	-0.107798
29.07	0.254947
29.08	0.356059
29.09	0.780162
29.1	0.373856
29.11	0.141991
29.12	0.134615
29.13	-0.203658
29.14	0.0649794
29.15	-0.136155
29.16	-0.102976
29.17	0.0468963
29.18	-0.224421
29.19	0.0690504
29.2	-0.128704
29.21	-0.101902
29.22	0.0511197
29.23	-0.212382
29.24	0.0873662
29.25	-0.107833
29.26	-0.0779426
29.27	0.0738868
29.28	-0.192949
29.29	0.115414
29.3	-0.0662899
29.31	-0.0303535
29.32	0.143149
29.33	-0.0992835
29.34	0.213346
29.35	0.0377279
29.36	0.0841264
29.37	0.244945
29.38	-0.045599
29.39	0.205893
29.4	-0.0236135
29.41	-0.0261397
29.42	0.099689
29.43	-0.195881
29.44	0.0843714
29.45	-0.115334
29.46	-0.0943178
29.47	0.0552127
29.48	-0.214808
29.49	0.0794772
29.5	-0.117023
29.51	-0.0981606
29.52	0.0633905
29.53	-0.202241
29.54	0.0918995
29.55	-0.0995888
29.56	-0.0734076
29.57	0.0870088
29.58	-0.186105
29.59	0.102799
29.6	-0.0933703
29.61	-0.065718
29.62	0.103988
29.63	-0.165438
29.64	0.12009
29.65	-0.0721958
29.66	-0.0484248
29.67	0.113904
29.68	-0.164009
29.69	0.120026
29.7	-0.0668174
29.71	-0.0468613
29.72	0.108975
29.73	-0.165805
29.74	0.128131
29.75	-0.0559968
29.76	-0.0365779
29.77	0.120344
29.78	-0.158097
29.79	0.131392
29.8	-0.0601241
29.81	-0.045759
29.82	0.110275
29.83	-0.166584
29.84	0.123355
29.85	-0.0684854
29.86	-0.0518801
29.87	0.10555
29.88	-0.174558
29.89	0.125236
29.9	-0.0403304
29.91	0.00121649
29.92	0.172836
29.93	-0.107191
29.94	0.144934
29.95	-0.35336
29.96	-0.107084
29.97	0.058756
29.98	-0.16035
29.99	0.111131
30	-0.159401
30.01	-0.0581713
30.02	-0.0109145
30.03	-0.0701606
30.04	0.598169
30.05	0.55127
30.06	0.514775
30.07	0.299151
30.08	-0.107516
30.09	0.111508
30.1	-0.167737
30.11	-0.0481146
30.12	0.0121818
30.13	-0.206791
30.14	0.0922703
30.15	-0.163044
30.16	-0.0361921
30.17	0.0271754
30.18	-0.192301
30.19	0.108978
30.2	-0.145015
30.21	-0.0225204
30.22	0.0494384
30.23	-0.160927
30.24	0.135278
30.25	-0.118761
30.26	0.0139712
30.27	0.096872
30.28	-0.102229
30.29	0.221326
30.3	-0.010052
30.31	0.135693
30.32	0.217368
30.33	0.00186723
30.34	0.291281
30.35	0.0090114
30.36	0.0911063
30.37	0.123576
30.38	-0.126108
30.39	0.152914
30.4	-0.115426
30.41	-0.00491146
30.42	0.05834
30.43	-0.169678
30.44	0.122517
30.45	-0.135373
30.46	-0.0171438
30.47	0.0511536
30.48	-0.172641
30.49	0.123784
30.5	-0.133991
30.51	-0.020407
30.52	0.0476374
30.53	-0.169465
30.54	0.133832
30.55	-0.121155
30.56	-0.0089567
30.57	0.0514481
30.58	-0.177378
